5.73
0.0
0.0
0.0
0.0
1.105
0.0
0.0
0.0
0.0
-2.21
0.0
0.0
0.0
0.0
0.0
3.7618080759124326
0.0
0.0
0.0
0.0
5.73
0.0
0.0
0.0
0.0
1.105
1.105
0.0
0.0
0.0
-1.9139161423636093
0.0
0.0
0.0
0.0
0.0
3.7618080759124326
0.0
0.0
0.0
0.0
5.73
0.0
0.0
0.0
0.0
0.0
1.9139161423636093
0.0
0.0
0.0
-1.105
-1.105
0.0
0.0
0.0
0.0
3.7618080759124326
0.0
0.0
0.0
0.0
5.73
0.0
0.0
0.0
0.0
0.0
2.21
0.0
0.0
0.0
0.0
-1.105
0.0
0.0
0.0
0.0
3.7618080759124326
0.0
0.0
0.0
0.0
3.0999999999999996
0.0
0.0
0.0
0.0
0.0
0.0
0.0
0.0
0.0
0.0
0.0
0.0
0.0
0.0
0.0
1.105
0.0
0.0
0.0
0.0
3.6
0.0
0.0
0.0
0.0
-1.0
0.0
0.0
0.0
0.0
0.0
1.105
0.0
0.0
0.0
0.0
1.105
0.0
0.0
0.0
0.0
3.055
1.045
0.0
0.0
0.0
-0.8660254037844386
0.0
0.0
0.0
0.0
0.0
1.105
0.0
0.0
0.0
1.105
0.0
0.0
0.0
0.0
1.045
3.055
0.0
0.0
0.0
-0.8660254037844386
0.0
0.0
0.0
0.0
0.0
1.105
0.0
0.0
0.0
0.0
1.9139161423636093
0.0
0.0
0.0
0.0
0.0
4.6
0.0
0.0
0.0
-0.8660254037844386
-0.8660254037844386
0.0
0.0
0.0
0.0
1.9139161423636093
0.0
0.0
0.0
0.0
2.21
0.0
0.0
0.0
0.0
0.0
5.1
0.0
0.0
0.0
0.0
-1.0
0.0
0.0
0.0
0.0
2.21
-2.21
0.0
0.0
0.0
0.0
-1.0
0.0
0.0
0.0
0.0
5.1
0.0
0.0
0.0
0.0
0.0
-2.21
0.0
0.0
0.0
0.0
-1.9139161423636093
0.0
0.0
0.0
0.0
-0.8660254037844386
-0.8660254037844386
0.0
0.0
0.0
4.6
0.0
0.0
0.0
0.0
0.0
-1.9139161423636093
0.0
0.0
0.0
0.0
-1.105
0.0
0.0
0.0
0.0
0.0
-0.8660254037844386
0.0
0.0
0.0
3.055
1.045
0.0
0.0
0.0
0.0
-1.105
0.0
0.0
0.0
-1.105
0.0
0.0
0.0
0.0
0.0
-0.8660254037844386
0.0
0.0
0.0
1.045
3.055
0.0
0.0
0.0
0.0
-1.105
0.0
0.0
0.0
0.0
-1.105
0.0
0.0
0.0
0.0
0.0
-1.0
0.0
0.0
0.0
0.0
3.6
0.0
0.0
0.0
0.0
-1.105
0.0
0.0
0.0
0.0
0.0
0.0
0.0
0.0
0.0
0.0
0.0
0.0
0.0
0.0
0.0
3.1
0.0
0.0
0.0
0.0
3.7618080759124326
0.0
0.0
0.0
0.0
1.105
0.0
0.0
0.0
0.0
-2.21
0.0
0.0
0.0
0.0
0.0
1.8950000000000005
0.0
0.0
0.0
0.0
3.7618080759124326
0.0
0.0
0.0
0.0
1.105
1.105
0.0
0.0
0.0
-1.9139161423636093
0.0
0.0
0.0
0.0
0.0
1.8950000000000005
0.0
0.0
0.0
0.0
3.7618080759124326
0.0
0.0
0.0
0.0
0.0
1.9139161423636093
0.0
0.0
0.0
-1.105
-1.105
0.0
0.0
0.0
0.0
1.8950000000000005
0.0
0.0
0.0
0.0
3.7618080759124326
0.0
0.0
0.0
0.0
0.0
2.21
0.0
0.0
0.0
0.0
-1.105
0.0
0.0
0.0
0.0
1.895
