4.88
0.0
0.0
0.0
0.0
0.0
0.0
0.0
0.0
0.0
0.0
-3.7618080759124326
3.7618080759124326
0.0
0.0
0.0
2.76
0.0
0.0
0.0
0.0
0.0
0.0
0.0
2.21
0.0
0.0
0.0
0.0
0.0
0.0
0.0
3.26
0.0
0.0
-0.8660254037844386
0.0
0.0
0.0
0.0
1.9139161423636093
0.0
0.0
0.0
0.0
0.0
0.0
0.0
3.76
0.0
0.0
-1.0
0.0
0.0
0.0
0.0
1.105
1.105
0.0
0.0
0.0
0.0
0.0
0.0
4.26
0.0
0.0
-0.8660254037844386
0.0
0.0
0.0
0.0
0.0
1.105
0.0
0.0
0.0
-0.8660254037844386
0.0
0.0
4.26
0.0
0.0
0.0
0.0
1.105
0.0
0.0
0.0
0.0
0.0
0.0
0.0
-1.0
0.0
0.0
3.76
0.0
0.0
0.0
0.0
1.105
1.105
0.0
0.0
0.0
0.0
0.0
0.0
-0.8660254037844386
0.0
0.0
3.26
0.0
0.0
0.0
0.0
0.0
1.9139161423636093
0.0
0.0
0.0
0.0
0.0
0.0
0.0
0.0
0.0
2.76
0.0
0.0
0.0
0.0
0.0
2.21
0.0
2.21
0.0
0.0
0.0
0.0
0.0
0.0
0.0
2.61
0.0
0.0
0.0
0.0
0.0
0.0
0.0
1.9139161423636093
0.0
0.0
1.105
0.0
0.0
0.0
0.0
2.61
0.0
0.0
0.0
0.0
-3.7618080759124326
0.0
0.0
1.105
0.0
0.0
1.105
0.0
0.0
0.0
0.0
1.565
1.045
0.0
0.0
3.7618080759124326
0.0
0.0
1.105
0.0
0.0
1.105
0.0
0.0
0.0
0.0
1.045
1.565
0.0
0.0
0.0
0.0
0.0
0.0
1.105
0.0
0.0
1.9139161423636093
0.0
0.0
0.0
0.0
0.0
2.61
0.0
0.0
0.0
0.0
0.0
0.0
0.0
0.0
0.0
2.21
0.0
0.0
0.0
0.0
0.0
2.61
