0.9300000000000019
0.0
0.0
-0.4914392129246504
0.0
0.0
0.0
0.4914392129246504
0.0
0.0
0.0
0.0
0.0
0.0
-1.3638716405186861
0.0
0.0
0.0
1.7085599054770395
0.0
0.0
0.0
-2.053248170435393
0.0
0.0
0.0
2.397936435393746
0.0
0.0
0.0
0.0
0.4914392129246504
0.0
0.0
-0.8511976856171543
0.0
0.0
0.0
0.0
0.0
-0.5970175876806311
0.0
0.0
0.6893765299167067
0.0
0.0
-0.5970175876806311
0.0
0.0
0.0
0.0
0.0
0.0
0.0
0.0
0.0
-3.7618080759124326
0.0
0.0
0.0
0.0
0.0
0.0
0.0
0.0
0.0
0.0
0.0
0.0
0.0
0.0
0.0
3.7618080759124326
0.0
0.0
0.0
0.0
0.0
0.0
0.0
0.0
0.0
0.0
0.0
0.0
0.0
0.0
0.0
0.0
0.0
0.0
-1.9099999999999986
0.0
0.0
0.0
0.0
0.0
0.0
0.0
0.0
0.0
0.0
1.105
0.0
0.0
0.0
-1.5964392129246505
0.0
0.0
0.0
0.0
0.0
0.0
0.0
0.0
0.0
0.0
0.0
0.0
0.0
0.0
0.0
0.0
0.0
0.0
0.0
0.0
0.0
0.8511976856171543
0.0
0.0
0.0
0.0
0.0
0.0
0.0
0.0
0.0
0.0
0.0
0.0
0.0
0.0
0.0
2.7014392129246505
0.0
0.0
0.0
0.0
0.0
0.0
-0.5970175876806311
0.0
0.6893765299167067
0.0
0.0
0.0
0.0
0.0
0.0
0.0
0.0
0.0
0.0
0.0
0.0
0.0
0.0
0.0
0.0
0.0
0.0
0.0
0.0
0.0
0.0
0.0
0.0
0.0
0.0
0.0
0.0
-1.4499999999999988
0.0
0.0
0.0
0.0692820323027551
0.0
0.0
0.0
0.9353074360871938
0.0
0.0
0.178488418594114
0.0
0.0
0.0
0.40746011403026483
0.0
0.0
0.0
-1.7354277237694953
0.0
0.0
0.0
0.0
0.0
0.0
0.0
0.0
-0.8660254037844386
0.0
0.0
0.0
0.0
0.0
0.0
0.0
0.0
0.8511976856171543
0.0
0.0
0.0
0.0
0.0
0.0
0.0
0.0
0.0
0.0
0.0
0.0
0.0
0.0
0.0
1.9139161423636093
0.0
0.8511976856171543
0.0
0.0
0.0
0.0
0.0
0.0
0.0
0.0
0.5970175876806311
0.0
0.0
0.0
0.0
0.0
0.0
0.0
0.0
0.0
-0.5970175876806311
0.0
0.0
0.0
0.0
0.0
0.0
0.0
0.0
0.0
0.0
0.0
0.0
0.0
-0.4914392129246504
0.0
0.0
-0.9899999999999987
0.0
0.0
0.0
0.08000000000000002
0.0
0.0
0.0
0.0
0.0
0.0
-0.7958489904323728
1.08
0.0
0.0
0.5105104505528072
0.0
0.0
0.0
-0.10305033652254232
0.0
0.0
0.0
-1.9008489904323727
0.0
0.0
0.0
0.0
-1.0
0.0
0.0
0.0
0.0
0.0
0.0
0.0
0.0
0.8511976856171543
0.0
0.0
0.0
0.0
0.0
0.0
0.0
0.0
0.0
0.0
0.0
0.0
0.0
0.0
0.0
1.105
0.0
0.8511976856171543
0.0
0.0
0.0
0.0
0.0
0.0
0.0
0.0
0.5970175876806311
0.0
0.0
0.0
0.0
0.6135607870753496
0.0
0.0
0.0
0.0
0.0
-0.6893765299167067
0.0
0.0
0.0
0.0
0.0
0.0
0.0
0.0
0.0
0.0
0.0
0.0
0.0
0.0
0.0
-0.5299999999999989
-0.8511976856171543
0.0
0.0
0.0692820323027551
0.0
0.0
0.0
0.0
0.0
0.0
0.0
0.0
0.0
0.0
-1.2872882033570234
0.9353074360871938
0.0
0.0
1.5569393051753813
0.0
0.0
0.0
-1.900848990432373
0.0
0.0
0.0
0.0
-0.8660254037844386
0.0
0.0
0.0
0.0
0.0
0.0
0.0
0.0
0.8511976856171543
0.0
0.0
0.0
0.0
0.0
0.0
0.0
0.0
0.0
0.0
0.0
0.0
0.0
0.0
0.0
0.0
0.0
0.8511976856171543
0.0
0.0
0.0
0.0
0.0
0.0
0.0
0.0
0.5970175876806311
0.0
0.0
0.0
0.0
0.6135607870753496
0.0
0.0
0.0
0.0
0.0
-0.6893765299167067
0.0
0.0
0.0
0.0
0.0
0.0
0.5970175876806311
0.0
0.0
0.0
0.0
0.0
0.0
0.0
-0.8511976856171543
0.9300000000000024
0.0
0.0
0.4914392129246504
0.0
0.0
0.0
0.0
0.0
0.0
0.0
0.0
0.0
0.0
0.5970175876806311
0.0
0.0
0.0
-0.6893765299167067
0.0
0.0
0.0
0.5970175876806311
0.0
0.0
0.0
0.0
0.4914392129246504
0.0
0.0
-0.4914392129246504
0.0
0.0
0.0
0.0
0.0
-2.397936435393746
0.0
0.0
2.053248170435393
0.0
0.0
-1.7085599054770395
0.0
0.0
1.3638716405186861
0.0
0.0
0.0
0.0
0.0
0.0
0.0
0.0
-3.7618080759124326
0.0
0.0
0.0
0.0
0.0
0.0
0.0
0.0
0.0
0.0
0.0
0.0
0.0
0.0
3.7618080759124326
0.0
0.0
0.0
0.0
0.0
0.0
0.0
0.0
0.0
0.0
0.0
0.0
0.0
0.0
0.0
0.0
0.0
0.0692820323027551
0.0
0.0
0.0
0.27000000000000135
0.0
0.0
0.0
-3.16
0.0
0.0
1.900848990432373
0.0
0.0
0.0
-1.5569393051753813
0.0
0.0
0.0
0.3044097775077227
0.0
0.0
0.0
0.0
0.0
0.0
0.0
0.0
-2.2999999999999994
0.0
0.0
0.0
0.0
0.0
0.0
0.0
0.0
0.0
0.0
0.0
0.4914392129246504
0.0
0.0
0.0
0.0
0.0
0.0
0.0
0.0
0.0
0.0
0.0
0.0
0.4914392129246504
0.0
1.7185607870753494
0.0
0.0
0.0
0.0
-2.397936435393746
0.0
2.053248170435393
0.0
-1.7085599054770395
0.0
0.0
0.0
0.0
0.0
0.0
0.0
0.0
0.0
0.0
0.0
0.0
0.0
0.0
0.0
0.0
0.0
0.0
0.0
0.0
0.0
0.0
0.0
0.4914392129246504
0.0
0.0
0.08000000000000002
0.0
0.0
0.0
0.8100000000000009
0.0
0.0
0.0
0.0
0.0
0.0
1.9008489904323727
-2.62
0.0
0.0
0.10305033652254232
0.0
0.0
0.0
-1.4933888764021082
0.0
0.0
0.0
0.7958489904323728
0.0
0.0
0.0
0.0
-2.2999999999999994
0.0
0.0
-0.8660254037844386
0.0
0.0
0.0
0.0
0.0
0.0
0.0
0.0
0.4914392129246504
0.0
0.0
0.0
0.0
0.0
0.0
0.0
0.0
0.0
0.0
0.0
0.0
0.0
0.0
1.9139161423636093
0.0
0.0
0.0
0.0
0.0
0.0
0.0
0.0
0.0
0.0
-1.3638716405186861
0.0
0.0
0.4914392129246504
0.0
0.0
0.0
0.0
-2.397936435393746
2.053248170435393
0.0
0.0
0.0
0.0
0.0
0.0
0.0
0.0
0.0
0.0
0.0
0.0
0.0
0.0
0.0
0.0692820323027551
0.4914392129246504
0.0
0.0
1.3500000000000014
0.0
0.0
0.0
0.0
0.0
0.0
0.0
0.0
0.0
0.0
1.7354277237694953
-2.08
0.0
0.0
-1.3903385398795658
0.0
0.0
0.0
-0.178488418594114
0.0
0.0
0.0
0.0
-2.2999999999999994
0.0
0.0
-1.0
0.0
0.0
0.0
0.0
0.0
0.0
0.0
0.0
0.4914392129246504
0.0
0.0
0.0
0.0
0.0
0.0
0.0
0.0
0.0
0.0
0.0
0.0
0.0
0.0
1.105
0.0
0.0
0.0
0.0
0.0
0.0
0.0
0.0
0.0
0.0
-1.3638716405186861
0.0
0.0
0.0
1.5964392129246505
0.0
0.0
0.0
0.0
0.0
1.7085599054770395
0.0
0.0
0.0
0.0
0.0
-2.397936435393746
0.0
0.0
0.0
0.0
0.0
0.0
0.0
0.0
0.0
0.0
0.0
0.0
1.8900000000000015
0.0
0.0
0.0
0.0
0.0
0.0
0.0
0.0
0.0
0.0
0.0
0.0
0.0
0.0
0.6135607870753496
-1.54
0.0
0.0
-1.105
0.0
0.0
0.0
0.0
-2.2999999999999994
0.0
0.0
-0.8660254037844386
0.0
0.0
0.0
0.0
0.0
0.0
0.0
0.0
0.4914392129246504
0.0
0.0
0.0
0.0
0.0
0.0
0.0
0.0
0.0
0.0
0.0
0.0
0.0
0.0
0.0
0.0
0.0
0.0
0.0
0.0
0.0
0.0
0.0
0.0
0.0
-1.3638716405186861
0.0
0.0
0.0
1.5964392129246505
0.0
0.0
0.0
0.0
0.0
1.7085599054770395
0.0
0.0
-0.4914392129246504
0.0
0.0
-2.053248170435393
0.0
0.0
0.0
0.0
0.9353074360871938
0.0
0.0
0.0
-3.16
0.0
0.0
0.0
1.0300000000000002
0.0
0.0
0.7958489904323731
0.0
0.0
0.0
-1.5569393051753813
0.0
0.0
0.0
1.900848990432373
0.0
0.0
0.0
0.0
0.0
0.0
0.0
0.0
1.54
0.0
0.0
0.0
0.0
0.0
0.0
0.0
0.0
1.105
0.0
0.0
-1.105
0.0
0.0
0.0
0.0
0.0
0.0
0.0
0.0
0.0
0.0
0.0
0.0
0.0
0.0
0.0
0.0
0.0
0.0
0.0
-3.7618080759124326
0.0
0.0
0.0
0.0
0.0
0.0
0.0
0.0
0.0
0.0
0.0
0.0
0.0
3.7618080759124326
0.0
0.0
0.0
0.0
0.0
0.0
0.0
0.0
0.0
0.0
0.0
0.0
0.0
0.0
0.0
0.0
0.0
0.0
0.0
0.0
0.0
0.0
0.0
0.0
-4.969999999999998
0.0
0.0
0.0
0.0
0.0
0.0
0.0
0.0
0.0
0.0
0.0
0.0
0.0
0.0
0.0
0.0
0.0
0.0
0.0
0.0
0.0
0.0
0.0
0.0
0.0
0.0
0.0
0.0
0.0
0.0
0.0
0.0
0.0
0.0
0.0
0.0
0.0
0.0
0.0
0.0
0.0
0.0
0.0
0.0
0.0
0.0
0.0
0.0
3.315
0.0
0.0
0.0
0.0
0.0
0.0
0.0
0.0
0.0
0.0
0.0
0.0
0.0
0.0
0.0
0.0
0.0
0.0
0.0
0.0
0.0
0.0
0.0
0.0
0.0
0.0
0.0
0.0
0.0
0.0
1.105
0.0
0.0
0.0
0.0
0.0
0.0
0.0
0.0
0.0
0.0
-1.4549999999999996
0.0
0.0
0.0
-3.014999999999999
0.0
0.0
0.0
0.0
0.0
0.0
0.0
0.0
0.0
0.0
0.0
0.0
0.0
0.0
0.0
0.0
0.0
0.0
0.0
0.0
0.0
-0.8660254037844386
0.0
0.0
0.0
0.0
0.0
0.0
0.0
0.0
0.0
0.0
0.0
0.0
0.0
0.0
0.0
-1.54
0.0
0.0
0.0
0.0
0.0
0.0
1.9139161423636093
0.0
1.105
0.0
0.0
0.0
0.0
0.0
0.0
0.0
0.0
0.0
0.0
0.0
0.0
0.0
0.0
0.0
0.0
0.0
0.0
0.0
0.0
0.0
0.0
0.0
0.0
0.0
0.0
0.0
0.0
0.178488418594114
0.0
0.0
0.0
1.900848990432373
0.0
0.0
0.0
0.7958489904323731
0.0
0.0
0.1070000000000002
0.0
0.0
0.0
-1.2262919717587641
0.0
0.0
0.0
-1.9529999999999994
0.0
0.0
0.0
0.0
0.0
0.0
0.0
0.0
0.0
0.0
0.0
0.0
0.0
0.0
0.0
0.0
0.0
-1.0
0.0
0.0
0.0
0.0
0.0
0.0
0.0
0.0
0.0
0.0
0.0
0.0
0.0
0.0
0.0
-1.54
0.0
0.0
0.0
0.0
0.0
0.0
1.105
0.0
1.105
0.0
0.0
0.0
0.0
0.0
0.0
0.0
0.0
0.0
0.0
0.0
0.0
0.0
0.0
0.0
0.0
0.0
0.0
0.0
0.0
0.0
0.0
0.0
0.0
0.0
-1.3638716405186861
0.0
0.0
-0.7958489904323728
0.0
0.0
0.0
1.9008489904323727
0.0
0.0
0.0
0.0
0.0
0.0
0.6154999999999995
0.7958489904323728
0.0
0.0
-0.008500000000000063
0.0
0.0
0.0
-1.0535
0.0
0.0
0.0
-0.8994999999999999
0.0
0.0
0.0
0.0
0.0
0.0
0.0
0.0
0.0
0.0
0.0
0.0
0.0
-0.8660254037844386
0.0
0.0
0.0
0.0
0.0
0.0
0.0
0.0
0.0
0.0
0.0
0.0
0.0
0.0
0.0
-1.54
0.0
0.0
0.0
0.0
0.0
0.0
0.0
0.0
1.105
0.0
0.0
0.0
0.0
0.0
0.0
0.0
0.0
0.0
0.0
0.0
0.0
0.0
0.0
0.0
0.0
0.0
0.0
0.0
0.0
0.0
0.0
0.0
0.0
0.0
0.0
0.0
1.08
0.0
0.0
0.0
-2.62
0.0
0.0
0.0
0.0
0.0
0.0
0.7958489904323728
1.0300000000000002
0.0
0.0
-1.0019496634774576
0.0
0.0
0.0
0.10305033652254232
0.0
0.0
0.0
1.9008489904323727
0.0
0.0
0.0
0.0
2.08
0.0
0.0
-0.9353074360871938
0.0
0.0
0.0
0.0
0.0
1.7354277237694953
0.0
0.0
-0.8988993269549153
0.0
0.0
-0.178488418594114
0.0
0.0
0.0
0.0
0.0
0.0
0.0
0.0
0.0
0.0
0.0
0.0
0.0
0.0
0.0
0.0
0.0
0.0
-3.7618080759124326
0.0
0.0
0.0
0.0
0.0
0.0
0.0
0.0
0.0
0.0
0.0
0.0
3.7618080759124326
0.0
0.0
0.0
0.0
0.0
0.0
0.0
0.0
0.0
0.0
0.0
0.0
-1.5964392129246505
0.0
0.0
0.0
0.0
0.0
0.0
0.0
0.0
0.0
0.0
-3.014999999999999
0.0
0.0
0.0
-1.9949999999999992
0.0
0.0
0.0
0.0
0.0
0.0
0.0
0.0
0.0
0.0
0.0
0.0
0.0
0.0
0.0
0.0
0.0
0.0
0.0
0.0
0.0
0.0692820323027551
0.0
0.0
0.0
0.0
0.0
0.0
0.0
0.0
0.0
0.0
0.0
0.0
0.0
0.0
0.0
2.08
0.0
0.0
0.0
0.0
0.0
0.0
1.7354277237694953
0.0
1.3111006730450847
0.0
0.0
0.0
0.0
0.0
0.0
0.0
0.0
0.0
0.0
0.0
0.0
0.0
0.0
0.0
0.0
0.0
0.0
0.0
0.0
0.0
0.0
0.0
0.0
0.0
0.0
0.0
0.0
0.40746011403026483
0.0
0.0
0.0
-1.5569393051753813
0.0
0.0
0.0
-1.5569393051753813
0.0
0.0
-1.2262919717587641
0.0
0.0
0.0
-3.0939999999999985
0.0
0.0
0.0
-1.2262919717587641
0.0
0.0
0.0
0.0
0.0
0.0
0.0
0.0
0.0
0.0
0.0
0.0
0.0
0.0
0.0
0.0
0.0
0.0692820323027551
0.0
0.0
-0.8660254037844386
0.0
0.0
0.0
0.0
0.0
0.0
0.0
0.0
0.0
0.0
0.0
0.0
0.0
0.0
0.9353074360871938
0.0
0.0
0.0
0.0
0.0
0.0
1.9139161423636093
0.0
0.178488418594114
0.0
0.0
0.0
0.0
0.0
0.0
0.0
0.0
0.0
1.7354277237694953
0.0
0.0
0.0
0.0
0.0
0.0
0.0
0.0
0.0
0.0
0.0
0.0
0.0
1.7085599054770395
0.0
0.0
0.5105104505528072
0.0
0.0
0.0
0.10305033652254232
0.0
0.0
0.0
0.0
0.0
0.0
-0.008500000000000063
-1.0019496634774576
0.0
0.0
-1.3404999999999991
0.0
0.0
0.0
-2.3154999999999992
0.0
0.0
0.0
-1.0535
0.0
0.0
0.0
0.0
0.0
0.0
0.0
0.0
0.0
0.0
0.0
0.0
0.0
0.0692820323027551
0.0
0.0
-1.0
0.0
0.0
0.0
0.0
0.0
0.0
0.0
0.0
0.0
0.0
0.0
0.0
0.0
0.0
0.9353074360871938
0.0
0.0
0.0
0.0
0.0
0.0
1.105
0.0
0.178488418594114
0.0
0.0
0.0
0.0
-2.08
0.0
0.0
0.0
0.0
0.0
2.0038993269549152
0.0
0.0
0.0
0.0
0.0
0.0
0.0
0.0
0.0
0.0
0.0
0.0
0.0
0.0
0.0
-1.2872882033570234
0.5970175876806311
0.0
0.0
1.7354277237694953
0.0
0.0
0.0
0.0
0.0
0.0
0.0
0.0
0.0
0.0
0.5670000000000002
-0.178488418594114
0.0
0.0
-1.2262919717587641
0.0
0.0
0.0
-1.9529999999999994
0.0
0.0
0.0
0.0
0.0
0.0
0.0
0.0
0.0
0.0
0.0
0.0
0.0
0.0692820323027551
0.0
0.0
-0.8660254037844386
0.0
0.0
0.0
0.0
0.0
0.0
0.0
0.0
0.0
0.0
0.0
0.0
0.0
0.0
0.9353074360871938
0.0
0.0
0.0
0.0
0.0
0.0
0.0
0.0
0.178488418594114
0.0
0.0
0.0
0.0
-2.08
0.0
0.0
0.0
0.0
0.0
2.0038993269549152
0.0
0.0
0.0
0.0
0.0
0.0
-1.7354277237694953
0.0
0.0
0.0
0.0
0.0
0.0
0.0
0.9353074360871938
0.0
0.0
0.0
-2.08
0.0
0.0
0.0
0.0
0.0
0.0
0.0
0.0
0.0
0.0
-0.178488418594114
1.0300000000000002
0.0
0.0
-0.8988993269549153
0.0
0.0
0.0
1.7354277237694953
0.0
0.0
0.0
0.0
2.62
0.0
0.0
-1.08
0.0
0.0
0.0
0.0
0.0
1.9008489904323727
0.0
0.0
0.10305033652254232
0.0
0.0
-1.0019496634774576
0.0
0.0
0.7958489904323728
0.0
0.0
0.0
0.0
0.0
0.0
0.0
0.0
0.0
0.0
0.0
0.0
0.0
0.0
0.0
0.0
0.0
-3.7618080759124326
0.0
0.0
0.0
0.0
0.0
0.0
0.0
0.0
0.0
0.0
0.0
3.7618080759124326
0.0
0.0
0.0
0.0
0.0
0.0
0.0
0.0
0.0
0.0
0.0
-1.7354277237694953
0.0
0.0
0.0
0.3044097775077227
0.0
0.0
0.0
1.900848990432373
0.0
0.0
-1.9529999999999994
0.0
0.0
0.0
-1.2262919717587641
0.0
0.0
0.0
-0.9729999999999994
0.0
0.0
0.0
0.0
0.0
0.0
0.0
0.0
-0.4914392129246504
0.0
0.0
0.0
0.0
0.0
0.0
0.0
0.0
0.0
0.0
0.0
0.08000000000000002
0.0
0.0
0.0
0.0
0.0
0.0
0.0
0.0
0.0
0.0
0.0
0.0
2.62
0.0
-1.08
0.0
0.0
0.0
0.0
1.9008489904323727
0.0
0.10305033652254232
0.0
1.2080503365225423
0.0
0.0
0.0
0.0
0.0
0.0
0.0
0.0
0.0
0.0
0.0
0.0
0.0
0.0
0.0
0.0
0.0
0.0
0.0
0.0
0.0
0.0
0.0
-2.053248170435393
0.0
0.0
-0.10305033652254232
0.0
0.0
0.0
-1.4933888764021082
0.0
0.0
0.0
0.0
0.0
0.0
-1.0535
0.10305033652254232
0.0
0.0
-2.3154999999999992
0.0
0.0
0.0
-1.8804999999999987
0.0
0.0
0.0
-0.008500000000000063
0.0
0.0
0.0
0.0
-0.4914392129246504
0.0
0.0
0.0
0.0
0.0
0.0
0.0
0.0
0.0
0.0
0.0
0.08000000000000002
0.0
0.0
-0.8660254037844386
0.0
0.0
0.0
0.0
0.0
0.0
0.0
0.0
0.0
0.0
0.0
0.0
0.0
0.0
0.0
0.0
0.0
0.0
0.0
0.0
1.9139161423636093
0.0
-0.7958489904323728
0.0
0.0
2.62
0.0
0.0
0.0
0.0
1.9008489904323727
0.10305033652254232
0.0
0.0
0.0
0.0
0.0
0.0
0.0
0.0
0.0
0.0
0.0
0.0
0.0
0.0
0.0
1.5569393051753813
-0.6893765299167067
0.0
0.0
-1.3903385398795658
0.0
0.0
0.0
0.0
0.0
0.0
0.0
0.0
0.0
0.0
-1.2262919717587641
-0.8988993269549153
0.0
0.0
-2.6339999999999986
0.0
0.0
0.0
-1.2262919717587641
0.0
0.0
0.0
0.0
-0.4914392129246504
0.0
0.0
0.0
0.0
0.0
0.0
0.0
0.0
0.0
0.0
0.0
0.08000000000000002
0.0
0.0
-1.0
0.0
0.0
0.0
0.0
0.0
0.0
0.0
0.0
0.0
0.0
0.0
0.0
0.0
0.0
0.0
0.0
0.0
0.0
0.0
0.0
1.105
0.0
-0.7958489904323728
0.0
0.0
0.0
1.08
0.0
0.0
0.0
0.0
0.0
2.1069496634774576
0.0
0.0
0.0
0.0
0.0
1.9008489904323727
0.0
0.0
0.0
0.0
0.0
0.0
0.0
0.0
0.0
0.0
0.0
0.0
0.6135607870753496
0.0
0.0
0.0
0.0
0.0
0.0
0.0
0.0
0.0
0.0
0.0
0.0
0.0
0.0
-0.5349999999999997
-1.105
0.0
0.0
-3.014999999999999
0.0
0.0
0.0
0.0
-0.4914392129246504
0.0
0.0
0.0
0.0
0.0
0.0
0.0
0.0
0.0
0.0
0.0
0.08000000000000002
0.0
0.0
-0.8660254037844386
0.0
0.0
0.0
0.0
0.0
0.0
0.0
0.0
0.0
0.0
0.0
0.0
0.0
0.0
0.0
0.0
0.0
0.0
0.0
0.0
0.0
0.0
-0.7958489904323728
0.0
0.0
0.0
1.08
0.0
0.0
0.0
0.0
0.0
2.1069496634774576
0.0
0.0
-2.62
0.0
0.0
-0.10305033652254232
0.0
0.0
0.0
0.0
0.0
0.0
0.0
0.0
0.0
0.0
0.0
-1.54
0.0
0.0
0.0
0.0
0.0
0.0
0.0
0.0
0.0
0.0
0.0
0.0
0.0
0.0
-1.105
1.0300000000000002
0.0
0.0
1.105
0.0
0.0
0.0
0.0
3.16
0.0
0.0
-0.9353074360871938
0.0
0.0
0.0
0.0
0.0
0.0
0.0
0.0
1.900848990432373
0.0
0.0
-1.5569393051753813
0.0
0.0
0.7958489904323731
0.0
0.0
0.0
0.0
0.0
0.0
0.0
0.0
0.0
0.0
0.0
0.0
0.0
0.0
0.0
0.0
0.0
0.0
0.0
-3.7618080759124326
0.0
0.0
0.0
0.0
0.0
0.0
0.0
0.0
0.0
0.0
3.7618080759124326
0.0
0.0
0.0
0.0
0.0
0.0
0.0
2.397936435393746
0.0
0.0
-1.9008489904323727
0.0
0.0
0.0
0.7958489904323728
0.0
0.0
0.0
0.0
0.0
0.0
-0.8994999999999999
1.9008489904323727
0.0
0.0
-1.0535
0.0
0.0
0.0
-0.008500000000000063
0.0
0.0
0.0
-1.0045000000000002
0.0
0.0
0.0
0.0
0.0
0.0
0.0
-0.8511976856171543
0.0
0.0
0.0
0.0
0.0
0.0
0.0
0.0
0.0
0.0
0.0
0.0692820323027551
0.0
0.0
0.0
0.0
0.0
0.0
0.0
0.0
0.0
3.16
0.0
-0.9353074360871938
0.0
0.0
0.0
0.0
0.0
0.0
1.900848990432373
0.0
-1.5569393051753813
0.0
3.005848990432373
0.0
0.0
0.0
0.0
0.0
0.0
0.0
0.0
0.0
0.0
0.0
0.0
0.0
0.0
0.0
0.0
0.0
0.0
0.0
0.0
0.0
0.0
0.0
0.0
-1.900848990432373
0.5970175876806311
0.0
0.0
-0.178488418594114
0.0
0.0
0.0
0.0
0.0
0.0
0.0
0.0
0.0
0.0
-1.9529999999999994
1.7354277237694953
0.0
0.0
-1.2262919717587641
0.0
0.0
0.0
-0.5129999999999995
0.0
0.0
0.0
0.0
0.0
0.0
0.0
-0.8511976856171543
0.0
0.0
0.0
0.0
0.0
0.0
0.0
0.0
0.0
0.0
0.0
0.0692820323027551
0.0
0.0
-0.8660254037844386
0.0
0.0
0.0
0.0
0.0
0.0
0.0
0.0
0.0
0.0
0.0
0.0
0.0
0.0
0.0
0.0
0.0
0.0
0.0
1.9139161423636093
0.0
0.0
3.16
-0.9353074360871938
0.0
0.0
0.0
0.0
1.900848990432373
-1.5569393051753813
0.0
0.0
0.0
0.0
0.0
0.0
0.0
0.0
0.0
0.0
0.0
0.0
0.0
0.0
0.0
0.0
0.0
0.0
-1.105
0.0
0.0
0.0
0.0
0.0
0.0
0.0
0.0
0.0
0.0
0.0
0.0
0.0
0.0
-3.014999999999999
1.105
0.0
0.0
-1.0749999999999993
0.0
0.0
0.0
0.0
0.0
0.0
0.0
-0.8511976856171543
0.0
0.0
0.0
0.0
0.0
0.0
0.0
0.0
0.0
0.0
0.0
0.0692820323027551
0.0
0.0
-1.0
0.0
0.0
0.0
0.0
0.0
0.0
0.0
0.0
0.0
0.0
0.0
0.0
0.0
0.0
0.0
0.0
0.0
0.0
0.0
1.105
0.0
0.0
0.0
0.0
0.0
0.0
0.0
0.0
0.0
0.0
0.30915100956762687
0.0
3.16
0.0
0.0
1.900848990432373
0.0
0.0
0.0
0.0
0.0
0.0
0.0
0.0
0.0
0.0
0.0
0.0
0.0
0.0
0.0
0.0
0.0
0.0
0.0
0.0
0.0
0.0
0.0
0.0
0.0
0.0
0.0
0.0
0.0
0.0
0.0
-3.589999999999998
0.0
0.0
0.0
0.0
0.0
0.0
0.0
-0.8511976856171543
0.0
0.0
0.0
0.0
0.0
0.0
0.0
0.0
0.0
0.0
0.0
0.0692820323027551
0.0
0.0
-0.8660254037844386
0.0
0.0
0.0
0.0
0.0
0.0
0.0
0.0
0.0
0.0
0.0
0.0
0.0
0.0
0.0
0.0
0.0
0.0
0.0
0.0
0.0
0.0
0.0
0.0
0.0
0.0
0.0
0.0
0.0
0.0
0.30915100956762687
0.0
0.9353074360871938
0.0
0.0
1.5569393051753813
0.0
0.0
0.0
-0.8660254037844386
0.0
0.0
0.0
-2.2999999999999994
0.0
0.0
0.0
1.54
0.0
0.0
0.0
0.0
0.0
0.0
0.0
0.0
0.0
0.0
-0.4914392129246504
0.0
0.0
0.0
0.0
0.0
0.0
0.0
0.0
1.8900000000000012
0.0
0.0
0.0
0.0
0.0
0.0
0.0
0.0
1.105
0.0
0.0
-0.6135607870753496
0.0
0.0
0.0
0.0
0.0
0.0
0.0
0.0
0.0
0.0
0.0
0.0
1.5964392129246505
0.0
-0.4914392129246504
0.0
0.0
0.0
0.0
1.3638716405186861
0.0
-1.7085599054770395
0.0
2.053248170435393
0.0
0.0
0.0
0.0
0.0
0.0
0.0
0.0
0.0
0.0
0.0
0.0
0.0
0.0
0.0
0.0
0.0
0.0
0.0
0.0
0.0
0.0
0.0
0.4914392129246504
0.0
0.0
-1.0
0.0
0.0
0.0
-2.2999999999999994
0.0
0.0
0.0
0.0
0.0
0.0
0.0
2.08
0.0
0.0
0.0
0.0
0.0
0.0
-0.4914392129246504
0.0
0.0
0.0
0.0
0.0
0.0
0.0
0.0
1.3500000000000012
0.0
0.0
0.0692820323027551
0.0
0.0
0.0
0.0
0.0
0.178488418594114
0.0
0.0
1.3903385398795658
0.0
0.0
-1.7354277237694953
0.0
0.0
0.0
0.0
0.0
0.0
0.0
0.0
0.0
1.105
0.0
0.0
0.0
0.0
0.0
0.0
0.0
0.0
0.0
0.0
0.0
0.0
2.397936435393746
0.0
0.0
1.5964392129246505
0.0
0.0
0.0
0.0
1.3638716405186861
-1.7085599054770395
0.0
0.0
0.0
0.0
0.0
0.0
0.0
0.0
0.0
0.0
0.0
0.0
0.0
0.0
0.0
-0.8660254037844386
0.4914392129246504
0.0
0.0
-2.2999999999999994
0.0
0.0
0.0
0.0
0.0
0.0
0.0
0.0
0.0
0.0
0.0
2.62
0.0
0.0
-0.4914392129246504
0.0
0.0
0.0
0.0
0.0
0.0
0.0
0.0
0.810000000000001
0.0
0.0
0.08000000000000002
0.0
0.0
0.0
0.0
0.0
-0.7958489904323728
0.0
0.0
1.4933888764021082
0.0
0.0
-0.10305033652254232
0.0
0.0
-1.9008489904323727
0.0
0.0
0.0
0.0
0.0
0.0
0.0
0.0
0.0
0.0
0.0
0.0
0.0
0.0
0.0
0.0
0.0
0.0
0.0
2.397936435393746
0.0
0.0
1.9139161423636093
0.4914392129246504
0.0
0.0
0.0
0.0
0.0
-2.053248170435393
0.0
0.0
0.0
0.0
0.0
1.3638716405186861
0.0
0.0
0.0
0.0
0.0
0.0
0.0
0.0
0.0
0.0
0.0
0.0
-2.2999999999999994
0.0
0.0
0.0
0.0
0.0
0.0
0.0
0.0
0.0
0.0
0.0
0.0
0.0
0.0
-0.4914392129246504
3.16
0.0
0.0
0.0
0.0
0.0
0.0
0.0
0.27000000000000113
0.0
0.0
0.0692820323027551
0.0
0.0
0.0
0.0
0.0
0.0
0.0
0.0
-0.3044097775077227
0.0
0.0
1.5569393051753813
0.0
0.0
-1.900848990432373
0.0
0.0
0.0
0.0
0.0
0.0
0.0
0.0
0.0
0.0
0.0
0.0
0.0
0.0
0.0
0.0
0.0
0.0
0.0
2.397936435393746
0.0
0.0
0.0
0.4914392129246504
0.0
0.0
0.0
0.0
0.0
-2.053248170435393
0.0
0.0
1.7185607870753494
0.0
0.0
1.7085599054770395
0.0
0.0
-0.8511976856171543
0.0
0.0
0.0
0.0
0.0
0.0
-0.8660254037844386
0.0
0.0
0.0
0.0
0.0
0.0
0.0
-0.9353074360871938
0.0
0.0
0.0
0.0
0.0
0.0
0.0
0.0
0.0
0.0
-0.8511976856171543
0.0
0.0
0.0
0.0
0.0692820323027551
0.0
0.0
-0.5299999999999989
0.0
0.0
0.0
0.0
0.0
1.900848990432373
0.0
0.0
-1.5569393051753813
0.0
0.0
1.2872882033570234
0.0
0.0
0.0
0.0
0.0
0.0
0.0
0.0
0.0
0.8511976856171543
0.0
0.6135607870753496
0.0
0.0
0.0
0.0
0.0
0.0
-0.5970175876806311
0.0
0.6893765299167067
0.0
-0.5970175876806311
0.0
0.0
0.0
0.0
0.0
0.0
0.0
0.0
0.0
0.0
0.0
0.0
0.0
0.0
0.0
0.0
0.0
0.0
0.0
0.0
0.0
0.0
0.0
0.0
0.0
-0.4914392129246504
0.0
0.0
-1.0
0.0
0.0
0.0
0.0
0.0
0.0
0.0
0.0
0.0
0.0
0.0
-1.08
0.0
0.0
0.0
0.0
0.0
0.0
-0.8511976856171543
0.0
0.0
0.0
0.0
0.08000000000000002
0.0
0.0
-0.9899999999999987
0.0
0.0
0.0
0.0
0.0
1.9008489904323727
0.0
0.0
0.10305033652254232
0.0
0.0
-0.5105104505528072
0.0
0.0
0.7958489904323728
0.0
0.0
0.0
0.0
0.0
0.0
0.0
0.0
1.105
0.0
0.0
0.0
0.0
0.0
0.0
0.0
0.0
0.0
0.0
0.0
0.0
0.0
0.8511976856171543
0.6135607870753496
0.0
0.0
0.0
0.0
-0.5970175876806311
0.6893765299167067
0.0
0.0
0.0
0.0
0.0
0.0
0.0
0.0
0.0
0.0
0.0
0.0
0.0
0.0
0.0
0.0
0.0
0.0
-0.8660254037844386
0.0
0.0
0.0
0.0
0.0
0.0
0.0
0.0
0.0
0.0
0.0
0.0
0.0
0.0
0.0
-0.9353074360871938
0.0
0.0
-0.8511976856171543
0.0
0.0
0.0
0.0
0.0692820323027551
0.0
0.0
-1.4499999999999988
0.0
0.0
0.0
0.0
0.0
0.0
0.0
0.0
1.7354277237694953
0.0
0.0
-0.40746011403026483
0.0
0.0
-0.178488418594114
0.0
0.0
0.0
0.0
0.0
0.0
0.0
0.0
0.0
0.0
0.0
0.0
0.0
0.0
0.0
0.0
0.0
0.0
0.0
0.0
0.0
0.0
0.0
1.9139161423636093
0.0
0.0
0.0
0.0
0.0
0.0
0.5970175876806311
0.0
0.8511976856171543
0.0
0.0
-0.5970175876806311
0.0
0.0
0.0
0.0
0.0
0.0
0.0
0.0
0.0
0.0
0.0
0.0
0.0
0.0
0.0
0.0
0.0
0.0
0.0
0.0
0.0
0.0
0.0
0.0
0.0
0.0
0.0
0.0
0.0
0.0
0.0
-0.8511976856171543
0.0
0.0
0.0
0.0
0.0
0.0
0.0
-1.9099999999999986
0.0
0.0
0.0
0.0
0.0
0.0
0.0
0.0
0.0
0.0
0.0
1.5964392129246505
0.0
0.0
-1.105
0.0
0.0
0.0
0.0
0.0
0.0
0.0
0.0
0.0
0.0
0.0
0.0
0.0
0.0
0.0
0.0
0.0
0.0
0.0
0.0
0.0
0.0
0.0
0.0
0.0
0.0
0.0
0.0
0.0
0.0
0.5970175876806311
0.0
2.7014392129246505
0.0
0.0
-0.6893765299167067
0.0
0.0
0.8511976856171543
0.0
0.0
0.0
0.0
0.0
0.0
0.0
0.0
0.0
0.0
-0.8660254037844386
0.0
0.0
0.0
0.0692820323027551
0.0
0.0
0.0
0.0
0.0
0.0
0.0
0.0
0.0
0.0
0.0
0.0
0.0
0.0
0.0
0.0
0.0
0.0
0.0
0.0
0.0
-3.589999999999998
0.0
0.0
0.0
0.0
0.0
0.0
0.0
0.0
0.0
0.0
0.0
0.0
0.0
0.0
0.0
-0.9353074360871938
0.0
0.0
0.0
0.0
0.0
0.0
0.30915100956762687
0.0
1.5569393051753813
0.0
0.0
0.0
0.0
0.0
0.0
0.0
0.0
0.0
0.0
0.0
0.0
0.0
0.0
0.0
0.0
0.0
0.0
0.0
0.0
0.0
0.0
0.0
0.0
0.0
0.0
0.0
0.0
0.8511976856171543
0.0
0.0
0.0
0.0
0.0
0.0
0.0
1.105
0.0
0.0
-1.0
0.0
0.0
0.0
0.0692820323027551
0.0
0.0
0.0
0.0
0.0
0.0
0.0
0.0
0.0
0.0
0.0
0.0
1.105
0.0
0.0
0.0
0.0
0.0
0.0
0.0
0.0
-1.0749999999999997
0.0
0.0
-3.014999999999999
0.0
0.0
0.0
0.0
0.0
0.0
0.0
0.0
0.0
0.0
0.0
0.0
0.0
0.0
-3.16
0.0
0.0
0.0
0.0
1.105
0.0
0.0
0.0
1.900848990432373
0.0
0.0
0.0
0.0
0.0
0.0
0.0
0.0
0.0
0.30915100956762687
0.0
0.0
0.0
0.0
0.0
0.0
0.0
0.0
0.0
0.0
0.0
0.0
0.0
-0.5970175876806311
0.0
0.0
0.8511976856171543
0.0
0.0
0.0
0.0
0.0
0.0
0.0
0.0
0.0
0.0
-0.8660254037844386
1.7354277237694953
0.0
0.0
0.0692820323027551
0.0
0.0
0.0
0.0
0.0
0.0
0.0
0.0
0.0
0.0
0.0
0.0
0.178488418594114
0.0
0.0
1.900848990432373
0.0
0.0
0.0
0.0
0.0
-0.5129999999999999
0.0
0.0
-1.2262919717587641
0.0
0.0
-1.9529999999999994
0.0
0.0
0.0
0.0
0.0
0.0
0.0
0.0
0.0
0.0
0.0
-3.16
0.0
0.0
0.0
0.0
0.0
0.0
0.0
0.0
1.900848990432373
0.0
0.0
0.0
0.0
0.9353074360871938
0.0
0.0
0.0
0.0
1.9139161423636093
-1.5569393051753813
0.0
0.0
0.0
0.0
0.0
0.0
0.0
0.0
0.0
0.0
0.0
0.0
0.0
0.0
0.0
0.8511976856171543
-2.397936435393746
0.0
0.0
0.0
0.0
0.0
0.0
0.0
0.0
0.0
0.0
0.0
0.0
0.0
0.0692820323027551
1.9008489904323727
0.0
0.0
0.0
0.0
0.0
0.0
0.0
0.0
0.0
0.0
0.0
-0.7958489904323728
0.0
0.0
1.9008489904323727
0.0
0.0
0.0
0.0
0.0
-1.0045000000000004
0.0
0.0
-0.008500000000000063
0.0
0.0
-1.0535
0.0
0.0
-0.8994999999999999
0.0
0.0
0.0
0.0
0.0
0.0
0.0
0.0
-3.16
0.0
0.0
0.0
0.0
0.0
0.0
0.0
0.0
1.900848990432373
0.0
0.0
0.0
0.0
0.9353074360871938
0.0
0.0
0.0
0.0
0.0
-1.5569393051753813
0.0
0.0
0.0
0.0
0.0
0.0
3.005848990432373
0.0
0.0
0.0
0.0
0.0
0.0
0.0
0.0
0.0
0.4914392129246504
0.0
0.0
0.0
-1.105
0.0
0.0
0.0
0.0
0.0
0.0
-0.8660254037844386
0.0
0.0
0.0
0.08000000000000002
0.0
0.0
0.0
0.0
0.0
0.0
0.0
0.0
-0.6135607870753496
0.0
0.0
0.0
0.0
0.0
0.0
0.0
0.0
-3.014999999999999
0.0
0.0
-0.5349999999999993
0.0
0.0
0.0
0.0
0.0
0.0
0.0
0.0
0.0
0.0
0.0
0.0
-1.08
0.0
2.62
0.0
0.0
0.0
0.0
-0.7958489904323728
0.0
2.1069496634774576
0.0
-0.10305033652254232
0.0
0.0
0.0
0.0
0.0
0.0
0.0
0.0
0.0
0.0
0.0
0.0
0.0
0.0
0.0
0.0
0.0
0.0
0.0
0.0
0.0
0.0
0.0
0.6893765299167067
0.0
0.0
0.0
0.0
0.0
0.0
0.4914392129246504
0.0
0.0
0.0
0.0
0.0
0.0
0.0
-0.8988993269549153
0.0
0.0
-1.0
0.0
0.0
0.0
0.08000000000000002
0.0
0.0
0.0
0.0
0.0
0.0
0.0
0.0
1.3903385398795658
0.0
0.0
-1.5569393051753813
0.0
0.0
0.0
0.0
0.0
-1.2262919717587641
0.0
0.0
-2.6339999999999986
0.0
0.0
-1.2262919717587641
0.0
0.0
0.0
0.0
0.0
0.0
0.0
0.0
0.0
0.0
0.0
0.0
0.0
0.0
0.0
0.0
0.0
0.0
1.105
0.0
0.0
0.0
1.9008489904323727
0.0
0.0
-1.08
0.0
0.0
0.0
0.0
-0.7958489904323728
2.1069496634774576
0.0
0.0
0.0
0.0
0.0
0.0
0.0
0.0
0.0
0.0
0.0
0.0
0.0
0.0
0.0
0.0
2.053248170435393
0.0
0.0
0.4914392129246504
0.0
0.0
0.0
0.0
0.0
0.0
0.0
0.0
0.0
0.0
-0.8660254037844386
0.10305033652254232
0.0
0.0
0.08000000000000002
0.0
0.0
0.0
0.0
0.0
0.0
0.0
0.0
1.4933888764021082
0.0
0.0
0.10305033652254232
0.0
0.0
0.0
0.0
0.0
-0.008500000000000063
0.0
0.0
-1.8804999999999992
0.0
0.0
-2.3154999999999992
0.0
0.0
-1.0535
0.0
0.0
0.0
0.0
0.0
0.0
0.0
0.0
0.0
0.0
0.0
0.0
0.0
0.0
0.0
0.0
0.0
0.0
0.0
1.9008489904323727
0.0
0.0
0.0
-2.62
0.0
0.0
0.0
0.0
1.9139161423636093
0.10305033652254232
0.0
0.0
0.0
0.0
0.0
-0.7958489904323728
0.0
0.0
0.0
0.0
0.0
0.0
0.0
0.0
0.0
0.0
0.0
0.0
0.4914392129246504
0.0
0.0
0.0
0.0
0.0
0.0
0.0
0.0
0.0
0.0
0.0
0.0
0.0
0.0
0.08000000000000002
1.900848990432373
0.0
0.0
0.0
0.0
0.0
0.0
0.0
-0.3044097775077227
0.0
0.0
1.7354277237694953
0.0
0.0
0.0
0.0
0.0
0.0
0.0
0.0
-0.9729999999999996
0.0
0.0
-1.2262919717587641
0.0
0.0
-1.9529999999999994
0.0
0.0
0.0
0.0
0.0
0.0
0.0
0.0
0.0
0.0
0.0
0.0
0.0
0.0
0.0
0.0
0.0
0.0
0.0
1.9008489904323727
0.0
0.0
0.0
-2.62
0.0
0.0
0.0
0.0
0.0
0.10305033652254232
0.0
0.0
1.08
0.0
0.0
1.2080503365225423
0.0
0.0
-0.5970175876806311
0.0
0.0
0.0
0.0
0.0
0.0
0.0
0.0
0.0
0.0
0.0
0.0
0.0
0.0
-0.178488418594114
0.0
0.0
0.0
0.0
0.0
0.0
-0.8660254037844386
0.0
0.0
0.0
0.0692820323027551
0.0
0.0
0.0
0.0
-1.7354277237694953
0.0
0.0
1.2872882033570234
0.0
0.0
0.0
0.0
0.0
-1.9529999999999994
0.0
0.0
-1.2262919717587641
0.0
0.0
0.5670000000000006
0.0
0.0
0.0
0.0
0.0
0.0
0.0
0.0
0.0
-0.9353074360871938
0.0
2.08
0.0
0.0
0.0
0.0
0.0
0.0
0.178488418594114
0.0
2.0038993269549152
0.0
-1.7354277237694953
0.0
0.0
0.0
0.0
0.0
0.0
0.0
0.0
0.0
0.0
0.0
0.0
0.0
0.0
0.0
0.0
0.0
0.0
0.0
0.0
0.0
0.0
0.0
0.0
0.0
-1.7085599054770395
0.0
0.0
0.0
0.0
0.0
0.0
0.0
0.0
0.0
0.0
0.0
0.0
0.0
0.0
-1.0019496634774576
0.0
0.0
-1.0
0.0
0.0
0.0
0.0692820323027551
0.0
0.0
0.0
0.0
-0.10305033652254232
0.0
0.0
-0.5105104505528072
0.0
0.0
0.0
0.0
0.0
-1.0535
0.0
0.0
-2.3154999999999992
0.0
0.0
-1.3404999999999987
0.0
0.0
-0.008500000000000063
0.0
0.0
0.0
0.0
0.0
0.0
0.0
0.0
0.0
0.0
0.0
0.0
0.0
0.0
0.0
0.0
0.0
1.105
0.0
0.0
0.0
0.0
-0.9353074360871938
2.08
0.0
0.0
0.0
0.0
0.178488418594114
2.0038993269549152
0.0
0.0
0.0
0.0
0.0
0.0
0.0
0.0
0.0
0.0
0.0
0.0
0.0
0.0
0.0
0.0
0.0
0.0
0.0
0.0
0.0
0.0
0.0
0.0
0.0
0.0
0.0
0.0
0.0
0.0
0.0
0.0
0.0
-0.8660254037844386
-1.5569393051753813
0.0
0.0
0.0692820323027551
0.0
0.0
0.0
0.0
1.5569393051753813
0.0
0.0
-0.40746011403026483
0.0
0.0
0.0
0.0
0.0
0.0
0.0
0.0
-1.2262919717587641
0.0
0.0
-3.0939999999999985
0.0
0.0
-1.2262919717587641
0.0
0.0
0.0
0.0
0.0
0.0
0.0
0.0
0.0
0.0
0.0
0.0
0.0
0.0
0.0
0.0
0.0
0.0
0.0
0.0
0.0
0.0
0.0
0.0
0.0
0.0
0.0
0.0
0.0
1.9139161423636093
1.7354277237694953
0.0
-0.9353074360871938
0.0
0.0
0.178488418594114
0.0
0.0
0.0
0.0
0.0
0.0
0.0
0.0
0.0
0.0
0.0
0.0
0.0
0.0
0.0
0.0
0.0
0.0
0.0
0.0
0.0
0.0
0.0
0.0
0.0
0.0
0.0
0.0
0.0
0.0
0.0
0.0692820323027551
0.0
0.0
0.0
0.0
0.0
0.0
0.0
1.5964392129246505
0.0
0.0
0.0
0.0
0.0
0.0
0.0
0.0
0.0
0.0
0.0
-1.9949999999999994
0.0
0.0
-3.014999999999999
0.0
0.0
0.0
0.0
0.0
0.0
0.0
0.0
0.0
0.0
0.0
0.0
0.0
0.0
0.0
0.0
0.0
0.0
0.0
0.0
0.0
0.0
0.0
0.0
0.0
0.0
0.0
0.0
0.0
0.0
1.7354277237694953
0.0
-2.08
0.0
0.0
1.3111006730450847
0.0
0.0
0.0
0.0
0.0
0.0
1.3638716405186861
0.0
0.0
0.0
0.0
0.0
0.0
0.0
0.0
0.0
0.0
0.0
0.0
0.0
0.0
0.7958489904323728
0.0
0.0
0.0
0.0
0.0
0.0
-0.8660254037844386
0.0
0.0
0.0
0.0
-1.9008489904323727
0.0
0.0
0.7958489904323728
0.0
0.0
0.0
0.0
0.0
-0.8994999999999999
0.0
0.0
-1.0535
0.0
0.0
-0.008500000000000063
0.0
0.0
0.6154999999999999
0.0
0.0
0.0
0.0
0.0
0.0
0.0
0.0
1.54
0.0
0.0
0.0
0.0
0.0
0.0
0.0
0.0
1.105
0.0
0.0
0.0
0.0
0.0
0.0
0.0
0.0
0.0
0.0
0.0
0.0
0.0
0.0
0.0
0.0
0.0
0.0
0.0
0.0
0.0
0.0
0.0
0.0
0.0
0.0
0.0
0.0
0.0
0.0
0.0
0.0
0.0
0.0
0.0
0.0
0.0
0.0
0.0
0.0
0.0
0.0
0.0
0.0
0.0
0.0
0.7958489904323731
0.0
0.0
-1.0
0.0
0.0
0.0
0.0
-1.900848990432373
0.0
0.0
-0.178488418594114
0.0
0.0
0.0
0.0
0.0
0.0
0.0
0.0
-1.9529999999999994
0.0
0.0
-1.2262919717587641
0.0
0.0
0.10700000000000065
0.0
0.0
0.0
0.0
0.0
0.0
0.0
0.0
0.0
0.0
0.0
0.0
0.0
0.0
0.0
0.0
0.0
0.0
0.0
1.105
0.0
0.0
0.0
1.54
0.0
0.0
0.0
0.0
0.0
1.105
0.0
0.0
0.0
0.0
0.0
0.0
0.0
0.0
0.0
0.0
0.0
0.0
0.0
0.0
0.0
0.0
0.0
0.0
0.0
0.0
0.0
0.0
0.0
0.0
0.0
0.0
0.0
0.0
0.0
0.0
0.0
0.0
0.0
0.0
0.0
0.0
0.0
-0.8660254037844386
0.0
0.0
0.0
0.0
0.0
0.0
0.0
-1.105
0.0
0.0
0.0
0.0
0.0
0.0
0.0
0.0
0.0
0.0
0.0
-3.014999999999999
0.0
0.0
-1.4549999999999992
0.0
0.0
0.0
0.0
0.0
0.0
0.0
0.0
0.0
0.0
0.0
0.0
0.0
0.0
0.0
0.0
0.0
0.0
0.0
0.0
0.0
0.0
0.0
0.0
0.0
0.0
0.0
0.0
0.0
0.0
1.9139161423636093
0.0
1.54
0.0
0.0
1.105
0.0
0.0
0.0
0.0
0.0
0.0
0.0
0.0
0.0
0.0
0.0
0.0
0.0
0.0
0.0
0.0
0.0
0.0
0.0
0.0
0.0
0.0
0.0
0.0
0.0
0.0
0.0
0.0
0.0
0.0
0.0
0.0
0.0
0.0
0.0
0.0
0.0
0.0
0.0
0.0
0.0
0.0
0.0
0.0
0.0
0.0
0.0
0.0
0.0
0.0
0.0
0.0
0.0
0.0
-4.969999999999998
0.0
0.0
0.0
0.0
0.0
0.0
0.0
0.0
0.0
0.0
0.0
0.0
0.0
0.0
0.0
0.0
0.0
0.0
0.0
0.0
0.0
0.0
0.0
0.0
0.0
0.0
0.0
0.0
0.0
0.0
0.0
0.0
0.0
0.0
0.0
3.315
0.0
2.7014392129246505
0.0
0.0
0.0
0.0
0.0
0.0
0.0
0.0
0.0
0.0
-1.54
0.0
0.0
0.0
2.08
0.0
0.0
0.0
0.0
0.0
0.0
0.0
0.0
0.0
0.0
0.0
0.0
0.0
0.0
0.0
0.0
0.0
0.0
0.0
0.0
0.0
-0.9353074360871938
0.0
0.0
0.0
0.0
0.0
0.0
0.0
0.0
0.0
0.0
0.0
0.0
0.0
0.0
0.0
-0.52
0.0
0.0
0.0
0.0
0.0
0.0
0.178488418594114
0.0
-0.20610067304508473
0.0
0.0
0.0
0.0
0.0
0.0
0.0
0.0
0.0
0.0
0.0
0.0
0.0
0.0
0.0
0.0
0.0
0.0
0.0
0.0
0.0
0.0
0.0
0.0
0.0
0.0
0.0
0.0
1.9139161423636093
0.0
0.0
0.0
0.4914392129246504
0.0
0.0
0.0
0.0
0.0
0.0
-1.54
0.0
0.0
0.0
0.0
0.0
0.0
0.0
2.62
0.0
0.0
0.0
0.0
0.0
0.0
0.0
0.0
1.5964392129246505
0.0
0.0
0.0
0.0
0.0
0.0
0.0
0.0
0.0
0.0
0.0
-1.08
0.0
0.0
0.0
0.0
0.0
0.0
0.0
0.0
0.0
0.0
0.0
0.0
-0.56
0.0
0.08000000000000002
0.0
0.0
0.0
0.0
-0.7958489904323728
0.0
-0.10305033652254236
0.0
-0.10305033652254232
0.0
0.0
0.0
0.0
0.0
0.0
0.0
0.0
0.0
1.105
0.0
0.0
0.0
0.0
0.0
0.0
0.0
0.0
0.0
0.0
0.0
0.0
0.0
-3.7618080759124326
0.0
0.0
1.105
0.0
0.0
0.0
0.0
0.0
0.0
0.0
0.0
0.0
0.0
-1.54
0.0
0.0
0.0
0.0
0.0
0.0
0.0
0.0
0.0
0.0
0.0
3.16
0.0
0.0
0.0
0.0
1.105
0.0
0.0
0.8511976856171543
0.0
0.0
0.0
0.0
0.0
0.0
0.0
0.0
0.0
0.0
0.0
-0.9353074360871938
0.0
0.0
0.0
0.0
0.0
0.0
0.0
0.0
0.0
-1.645
0.0
0.0692820323027551
0.0
0.0
0.0
0.0
0.0
0.0
-1.900848990432373
0.0
1.5569393051753813
0.0
-1.900848990432373
0.0
0.0
1.045
0.0
0.0
0.0
0.0
1.105
0.0
0.0
0.0
0.0
0.0
0.0
0.0
0.0
0.0
0.0
0.0
0.0
0.0
0.0
0.8511976856171543
0.0
0.0
0.0
1.7185607870753494
0.0
0.0
0.0
0.0
0.0
0.0
0.0
0.0
0.0
0.0
0.9353074360871938
0.0
0.0
0.0
-1.08
0.0
0.0
0.0
0.0
0.0
0.0
0.0
0.0
-0.4914392129246504
0.0
0.0
0.0
0.0
0.0
0.0
0.0
0.0
-3.16
0.0
0.0
2.62
0.0
0.0
0.0
0.0
0.0
0.0
0.0
0.0
0.0
0.0
0.0
0.0
0.08000000000000002
0.0
-0.6800000000000002
0.0
0.0
0.0
0.0
1.9008489904323727
0.0
0.10305033652254232
0.0
-0.2061006730450845
0.0
0.0
0.0
0.0
0.0
0.0
0.0
0.0
0.0
-1.900848990432373
0.0
0.0
0.0
0.0
0.0
0.0
0.0
0.0
0.0
0.0
0.0
0.0
0.0
0.0
0.0
0.0
0.8511976856171543
0.0
0.0
0.0
1.9139161423636093
0.0
0.0
0.0
0.0
0.0
0.0
0.0
0.0
0.0
0.0
0.9353074360871938
0.0
0.0
0.0
0.0
0.0
0.0
0.0
-0.9353074360871938
0.0
0.0
0.0
0.0
0.0
0.0
0.0
0.6135607870753496
0.0
0.0
0.0
0.0
0.0
-3.16
0.0
0.0
0.0
0.0
0.0
2.08
0.0
0.0
0.0
0.0
0.0
0.0
0.0
0.0
0.0
0.0692820323027551
0.0
-0.6400000000000001
0.0
0.0
0.0
0.0
0.0
0.0
1.7354277237694953
0.0
-0.10305033652254214
0.0
-0.178488418594114
0.0
0.0
0.0692820323027551
0.0
0.0
0.0
0.0
0.0
-1.5569393051753813
0.0
0.0
0.0
0.0
0.0
0.0
0.0
0.0
0.0
0.0
0.0
0.0
0.0
0.0
0.0
0.8511976856171543
-3.7618080759124326
0.0
0.0
1.105
0.0
0.0
0.0
0.0
0.0
0.0
0.0
0.0
0.0
0.0
0.9353074360871938
0.0
0.0
0.0
0.0
0.0
0.0
0.0
0.0
0.0
0.0
0.0
0.0
0.0
0.0
0.0
1.105
0.0
0.0
0.0
0.0
0.0
-3.16
0.0
0.0
0.0
0.0
0.0
0.0
0.0
0.0
1.54
0.0
0.0
0.0
0.0
0.0
0.0
0.0
0.0
-1.645
0.0
0.0
0.0
0.0
0.0
0.0
0.0
0.0
1.900848990432373
0.0
-1.105
0.0
0.0
0.0692820323027551
1.045
0.0
0.0
0.0
0.0
-1.5569393051753813
0.0
0.0
0.0
0.0
0.0
0.0
1.900848990432373
0.0
0.0
0.0
0.0
0.0
0.0
0.0
0.0
0.0
0.0
0.0
0.0
0.0
0.0
3.315
0.0
0.0
0.0
0.0
0.0
0.0
0.0
0.0
0.0
0.0
0.0
0.0
0.0
0.0
0.0
0.0
0.0
0.0
0.0
0.0
0.0
0.0
0.0
0.0
0.0
0.0
0.0
0.0
0.0
0.0
0.0
0.0
0.0
0.0
0.0
0.0
0.0
0.0
0.0
0.0
0.0
0.0
0.0
0.0
0.0
0.0
0.0
0.0
-6.104999999999997
0.0
0.0
0.0
0.0
0.0
0.0
0.0
0.0
0.0
0.0
0.0
0.0
0.0
0.0
0.0
0.0
0.0
0.0
0.0
0.0
0.0
0.0
0.0
0.0
0.0
0.0
0.0
0.0
0.0
0.0
-0.5970175876806311
0.0
0.0
0.0
0.0
0.0
0.0
0.0
0.0
0.0
0.0
1.9139161423636093
0.0
0.0
0.0
1.7354277237694953
0.0
0.0
0.0
0.0
0.0
0.0
0.0
0.0
0.0
0.0
0.0
0.0
0.0
0.0
0.0
0.0
0.0
0.0
0.0
0.0
0.0
0.30915100956762687
0.0
0.0
0.0
0.0
0.0
0.0
0.0
0.0
0.0
0.0
0.0
0.0
0.0
0.0
0.0
0.178488418594114
0.0
0.0
0.0
0.0
0.0
0.0
-5.0429999999999975
0.0
-1.2262919717587641
0.0
0.0
0.0
0.0
0.0
0.0
0.0
0.0
0.0
0.0
0.0
0.0
0.0
0.0
0.0
0.0
0.0
0.0
0.0
0.0
0.0
0.0
0.0
0.0
0.0
0.0
0.0
0.0
0.0
0.0
0.0
0.0
-2.397936435393746
0.0
0.0
0.0
-3.7618080759124326
0.0
0.0
1.105
0.0
0.0
0.0
0.0
0.0
0.0
0.0
1.9008489904323727
0.0
0.0
0.0
0.0
0.0
0.0
0.0
0.0
1.3638716405186861
0.0
0.0
0.0
0.0
0.0
0.0
0.0
0.0
1.105
0.0
0.0
-0.7958489904323728
0.0
0.0
0.0
0.0
0.0
0.0
0.0
0.0
0.0
0.0
0.0
0.0
-0.7958489904323728
0.0
1.9008489904323727
0.0
0.0
0.0
0.0
-6.079499999999998
0.0
-0.008500000000000063
0.0
-1.0535
0.0
0.0
0.0
0.0
0.0
0.0
0.0
0.0
0.0
1.045
0.0
0.0
0.0
0.0
0.0
0.0
0.0
0.0
0.0
0.0
0.0
0.0
0.0
0.0
0.6893765299167067
0.0
0.0
0.0
0.0
0.0
0.0
0.0
0.0
0.0
0.0
1.105
0.0
0.0
0.0
1.3111006730450847
0.0
0.0
0.0
0.0
0.0
0.0
0.0
0.0
0.0
0.0
0.0
0.0
0.0
0.0
0.0
0.0
0.0
0.0
0.0
0.0
0.0
1.5569393051753813
0.0
0.0
0.0
0.0
0.0
0.0
0.0
0.0
0.0
0.0
0.0
0.0
0.0
0.0
0.0
-0.20610067304508473
0.0
0.0
0.0
0.0
0.0
0.0
-1.2262919717587641
0.0
-4.688999999999997
0.0
0.0
0.0
0.0
0.0
0.0
0.0
0.0
0.0
0.0
0.0
0.0
0.0
0.0
0.0
0.0
0.0
0.0
0.0
0.0
0.0
0.0
0.0
0.0
0.0
0.0
0.0
0.0
0.0
0.0
0.0
0.0
2.053248170435393
0.0
0.0
0.0
0.0
0.0
0.0
1.105
0.0
0.0
0.0
1.9139161423636093
0.0
0.0
0.0
0.10305033652254232
0.0
0.0
0.0
0.0
0.0
0.0
0.0
0.0
-1.7085599054770395
0.0
0.0
0.0
0.0
0.0
0.0
0.0
0.0
0.0
0.0
0.0
2.1069496634774576
0.0
0.0
0.0
0.0
0.0
0.0
0.0
0.0
0.0
0.0
0.0
0.0
-0.10305033652254236
0.0
0.10305033652254232
0.0
0.0
0.0
0.0
-0.008500000000000063
0.0
-3.435499999999998
0.0
-2.3154999999999992
0.0
0.0
0.0
0.0
0.0
0.0
0.0
0.0
0.0
-3.014999999999999
0.0
0.0
0.0
0.0
0.0
0.0
0.0
0.0
0.0
0.0
0.0
0.0
0.0
0.0
0.0
0.0
0.0
0.0
0.0
0.0
0.0
0.0
0.0
0.0
0.0
0.0
0.0
1.105
-3.7618080759124326
0.0
0.0
1.105
0.0
0.0
0.0
0.0
0.0
0.0
0.0
1.900848990432373
0.0
0.0
0.0
0.0
0.0
0.0
0.0
-0.5970175876806311
0.0
0.0
0.0
0.0
0.0
0.0
0.0
0.0
1.105
0.0
0.0
0.178488418594114
0.0
0.0
0.0
0.0
0.0
0.0
0.0
0.0
0.0
-1.900848990432373
0.0
1.7354277237694953
0.0
0.0
0.0
0.0
0.0
0.0
-3.0729999999999986
0.0
-1.2262919717587641
0.0
-1.9529999999999994
0.0
0.0
0.0
0.0
0.0
0.0
0.0
-3.014999999999999
1.045
0.0
0.0
0.0
0.0
0.0
0.0
0.0
0.0
0.0
0.0
0.0
0.0
0.0
0.5970175876806311
0.0
0.0
0.0
-1.7085599054770395
0.0
0.0
0.0
0.0
0.0
0.0
0.0
0.0
0.0
0.0
0.178488418594114
0.0
0.0
0.0
1.2080503365225423
0.0
0.0
0.0
0.0
0.0
0.0
0.0
0.0
2.053248170435393
0.0
0.0
0.0
0.0
0.0
0.0
0.0
0.0
1.900848990432373
0.0
0.0
-0.10305033652254232
0.0
0.0
0.0
0.0
0.0
0.0
0.0
0.0
0.0
0.0
0.0
0.0
-0.10305033652254232
0.0
-0.2061006730450845
0.0
0.0
0.0
0.0
-1.0535
0.0
-2.3154999999999992
0.0
-2.3734999999999977
0.0
0.0
0.0
0.0
0.0
0.0
0.0
0.0
0.0
1.9529999999999994
0.0
0.0
0.0
0.0
0.0
0.0
0.0
0.0
0.0
0.0
0.0
0.0
0.0
0.0
0.0
0.0
0.5970175876806311
0.0
0.0
0.0
0.0
0.0
0.0
0.0
0.0
0.0
0.0
0.0
0.0
0.0
0.0
0.178488418594114
0.0
0.0
0.0
1.9139161423636093
0.0
0.0
0.0
-1.5569393051753813
0.0
0.0
0.0
0.0
0.0
0.0
0.0
0.6893765299167067
0.0
0.0
0.0
0.0
0.0
1.900848990432373
0.0
0.0
0.0
0.0
0.0
2.0038993269549152
0.0
0.0
0.0
0.0
0.0
0.0
0.0
0.0
0.0
1.5569393051753813
0.0
-0.10305033652254214
0.0
0.0
0.0
0.0
0.0
0.0
-1.2262919717587641
0.0
-3.6269999999999976
0.0
-1.2262919717587641
0.0
0.0
-1.7354277237694953
0.0
0.0
0.0
0.0
0.0
-1.2262919717587641
0.0
0.0
0.0
0.0
0.0
0.0
0.0
0.0
0.0
0.0
0.0
0.0
0.0
0.0
0.0
0.5970175876806311
0.0
0.0
0.0
0.0
0.0
0.0
0.0
0.0
0.0
0.0
0.0
0.0
0.0
0.0
0.178488418594114
-3.7618080759124326
0.0
0.0
1.105
0.0
0.0
0.0
0.0
0.0
0.0
0.0
0.0
0.0
0.0
0.0
0.0
0.0
0.0
0.0
0.0
0.0
1.900848990432373
0.0
0.0
0.0
0.0
0.0
1.105
0.0
0.0
1.105
0.0
0.0
0.0
0.0
0.0
0.0
0.0
0.0
1.900848990432373
0.0
0.0
0.0
0.0
0.0
0.0
0.0
0.0
-3.0729999999999986
0.0
-3.014999999999999
0.0
0.0
-1.7354277237694953
0.0
0.0
0.0
0.0
0.0
-1.2262919717587641
1.045
0.0
0.0
0.0
0.0
0.0
-1.9529999999999994
0.0
0.0
0.0
0.0
0.0
0.0
0.0
0.0
0.0
0.0
-1.3638716405186861
0.0
0.0
0.0
0.0
0.0
0.0
0.0
0.0
0.0
0.0
0.0
0.0
0.0
0.0
-0.7958489904323728
0.0
0.0
0.0
3.005848990432373
0.0
0.0
0.0
0.0
2.397936435393746
0.0
0.0
-0.5970175876806311
0.0
0.0
0.0
0.0
0.0
0.0
0.0
0.0
1.9008489904323727
0.0
0.0
-1.7354277237694953
0.0
0.0
0.0
0.0
0.0
0.0
0.0
0.0
0.0
-1.900848990432373
0.0
-0.178488418594114
0.0
0.0
0.0
0.0
0.0
0.0
-1.9529999999999994
0.0
-1.2262919717587641
0.0
-0.9574999999999991
0.0
0.0
1.9008489904323727
0.0
0.0
0.0
0.0
0.8994999999999999
1.0535
0.0
0.0
0.0
0.0
0.0
0.0
0.0
0.0
0.0
0.0
0.0
0.0
0.0
0.0
0.0
0.0
0.0
0.0
0.0
-1.3638716405186861
0.0
0.0
0.0
0.0
0.0
0.0
0.0
0.0
0.0
0.0
0.0
0.0
0.0
0.0
-0.7958489904323728
0.0
0.0
0.0
1.9139161423636093
0.0
0.0
0.0
0.0
2.397936435393746
0.0
0.0
0.0
0.0
0.0
0.0
0.0
0.0
0.0
0.0
0.0
1.9008489904323727
0.0
0.0
0.0
0.0
0.0
0.0
0.0
0.0
0.0
0.0
0.0
0.0
0.0
0.0
-1.105
0.0
0.0
0.0
0.0
0.0
0.0
0.0
0.0
-3.014999999999999
0.0
-2.019499999999999
0.0
0.0
0.0
0.7958489904323728
0.0
0.0
0.0
0.0
0.0
-0.008500000000000063
0.0
0.0
0.0
0.0
0.0
0.8994999999999999
0.0
0.0
0.0
0.0
0.0
0.0
0.0
0.0
0.0
0.0
0.0
0.0
-1.3638716405186861
0.0
0.0
0.0
0.0
0.0
0.0
0.0
0.0
0.0
0.0
0.0
0.0
0.0
0.0
-0.7958489904323728
-3.7618080759124326
0.0
0.0
1.105
0.0
0.0
0.0
0.0
2.397936435393746
0.0
0.0
0.0
0.0
0.0
0.0
0.0
0.0
0.0
0.0
0.0
1.9008489904323727
0.0
0.0
0.0
0.0
0.0
1.105
0.0
0.0
0.0
0.0
0.0
0.0
0.0
0.0
0.0
0.0
0.0
0.0
0.0
0.0
0.0
0.0
0.0
0.0
0.0
-6.079499999999998
0.0
0.0
0.0
0.7958489904323728
0.0
0.0
0.0
0.0
0.0
-0.008500000000000063
1.045
0.0
-1.9008489904323727
0.0
0.0
-1.0535
0.0
0.0
3.7618080759124326
0.0
0.0
0.6135607870753496
0.0
0.0
0.0
0.4914392129246504
0.0
0.0
0.0
0.0
0.0
0.0
0.0
0.0
0.0
0.0
-2.08
0.0
0.0
0.0
2.62
0.0
0.0
0.0
0.0
0.0
0.0
0.0
0.0
1.5964392129246505
0.0
0.0
0.0
0.0
0.0
0.0
0.0
0.0
0.9353074360871938
0.0
0.0
-1.08
0.0
0.0
0.0
0.0
0.0
0.0
0.0
0.0
0.0
0.0
0.0
0.0
1.045
0.0
0.0692820323027551
0.0
0.0
0.0
0.0
0.0
0.0
0.0
0.0
-1.7354277237694953
0.0
1.9008489904323727
0.0
0.0
-1.645
0.0
0.0
0.0
0.0
-0.7958489904323728
1.9008489904323729
0.0
0.0
0.0
0.0
0.0
0.0
0.0
0.0
0.0
0.0
0.0
0.0
0.0
0.0
0.0
0.6135607870753496
0.0
0.0
0.0
0.0
0.0
0.0
0.0
0.0
0.0
0.0
0.0
0.0
0.0
0.0
-2.08
0.0
0.0
0.0
0.0
0.0
0.0
0.0
3.16
0.0
0.0
0.0
0.0
1.9139161423636093
0.0
0.0
0.8511976856171543
0.0
0.0
0.0
0.0
0.0
0.9353074360871938
0.0
0.0
0.0
0.0
0.0
-0.9353074360871938
0.0
0.0
0.0
0.0
0.0
0.0
0.0
0.0
0.0
0.0
0.0
0.0692820323027551
0.0
0.0
0.0
0.0
0.0
0.0
0.0
0.0
-1.7354277237694953
0.0
0.0
0.0
0.0
-0.6400000000000001
0.0692820323027551
0.0
0.0
0.0
0.0
0.10305033652254214
1.5569393051753813
0.0
0.0
0.0
0.0
0.0
0.178488418594114
0.0
0.0
0.0
0.0
0.0
0.0
0.0
0.0
3.7618080759124326
0.0
0.0
1.5964392129246505
0.0
0.0
0.0
0.0
0.0
0.0
0.0
0.0
0.0
0.0
0.0
0.0
0.0
0.0
1.08
0.0
0.0
0.0
-0.9353074360871938
0.0
0.0
0.0
0.0
0.4914392129246504
0.0
0.0
0.6135607870753496
0.0
0.0
0.0
0.0
0.0
0.0
0.0
0.0
-2.62
0.0
0.0
2.08
0.0
0.0
0.0
0.0
0.0
0.0
0.0
0.0
0.0
0.0
0.0
1.045
0.0
0.0
0.0
0.0
0.0
0.0
0.0
0.0
0.0
0.0
0.7958489904323728
0.0
0.0
0.0692820323027551
-1.645
0.0
0.0
0.0
0.0
1.7354277237694953
-1.9008489904323729
0.0
0.0
0.0
0.0
0.0
-1.9008489904323727
0.0
0.0
0.0
0.0
0.0
0.0
0.0
0.0
0.0
0.0
0.0
0.0
1.5964392129246505
0.0
0.0
0.0
0.0
0.0
0.0
0.0
0.0
0.0
0.0
0.0
0.0
0.0
0.0
1.08
0.0
0.0
0.0
0.0
0.0
0.0
0.0
0.0
0.4914392129246504
0.0
0.0
1.9139161423636093
0.0
0.0
0.0
0.0
0.0
0.0
0.0
0.0
-2.62
0.0
0.0
0.0
0.0
0.0
1.54
0.0
0.0
0.0
0.0
0.0
0.0
0.0
0.0
0.0
0.0
0.0
0.0
0.0
0.0
0.0
0.0
0.0
0.0
0.0
0.7958489904323728
0.0
0.0
0.0
-0.56
0.0
0.0
0.0
0.0
0.0
0.10305033652254236
-1.105
0.0
0.08000000000000002
0.0
0.0
0.10305033652254232
0.0
0.0
0.0
0.0
-0.5970175876806311
0.0
0.0
0.0
0.0
0.0
0.0
0.0
3.7618080759124326
0.0
0.0
0.0
0.0
0.0
0.0
1.7354277237694953
0.0
0.0
0.0
0.0
0.0
0.0
0.0
0.0
0.0
0.0
0.0
0.0
0.0
0.0
0.0
0.0
0.0
0.0
0.0
0.0
0.0
0.30915100956762687
0.0
0.0
0.0
0.0
0.0
0.0
0.0
0.0
0.0
0.0
0.0
0.0
0.0
0.0
0.0
1.105
0.0
-1.900848990432373
0.0
0.0
0.0
0.0
1.045
0.0
-3.014999999999999
0.0
1.9529999999999994
0.0
0.0
0.0
0.0
0.0
0.0
0.0
0.0
0.0
-3.0729999999999986
0.0
0.0
0.0
0.0
0.0
0.0
0.0
0.0
0.0
0.0
0.0
0.0
0.0
0.0
0.0
0.0
0.0
0.0
0.0
0.0
-2.397936435393746
0.0
0.0
0.0
0.0
0.0
0.0
0.0
0.0
0.0
0.0
0.0
0.0
0.0
0.0
1.9008489904323727
0.0
0.0
0.0
0.0
0.0
0.0
0.0
0.0
1.3638716405186861
0.0
0.0
0.0
0.0
0.0
0.0
0.0
0.0
1.9139161423636093
0.0
0.0
-0.7958489904323728
0.0
0.0
0.0
0.0
0.0
0.0
0.0
0.0
0.0
0.0
0.0
0.0
1.105
0.0
0.0
0.0
0.0
0.0
0.0
0.0
0.0
-3.014999999999999
0.0
0.0
0.0
0.8994999999999999
0.0
0.0
-0.7958489904323728
0.0
0.0
0.0
0.0
-2.0194999999999994
-0.008500000000000063
0.0
0.0
0.0
0.0
0.0
0.0
0.0
0.0
0.0
0.0
0.0
0.0
0.0
0.0
-0.6893765299167067
0.0
0.0
0.0
2.053248170435393
0.0
0.0
0.0
0.0
0.0
0.0
0.0
3.7618080759124326
0.0
0.0
2.0038993269549152
0.0
0.0
0.0
0.10305033652254232
0.0
0.0
0.0
0.0
0.0
0.0
0.0
0.0
-1.7085599054770395
0.0
0.0
0.0
0.0
0.0
0.0
0.0
0.0
-1.5569393051753813
0.0
0.0
2.1069496634774576
0.0
0.0
0.0
0.0
0.0
0.0
0.0
0.0
0.0
0.0
0.0
0.0
0.0
0.0
-1.5569393051753813
0.0
0.0
0.0
0.0
0.0
0.0
1.045
0.0
-1.2262919717587641
0.0
1.0535
0.0
0.0
1.9008489904323729
0.0
0.0
0.0
0.0
-0.008500000000000063
-6.079499999999998
0.0
0.0
0.0
0.0
0.0
0.0
0.0
0.0
0.0
0.0
0.0
0.0
0.0
0.0
0.0
-0.6893765299167067
0.0
0.0
0.0
0.0
0.0
0.0
0.0
0.0
0.0
0.0
0.0
0.0
0.0
0.0
2.0038993269549152
0.0
0.0
0.0
0.0
0.0
0.0
0.0
1.900848990432373
0.0
0.0
0.0
0.0
0.0
0.0
0.0
-0.5970175876806311
0.0
0.0
0.0
0.0
0.0
-1.5569393051753813
0.0
0.0
1.9139161423636093
0.0
0.0
0.178488418594114
0.0
0.0
0.0
0.0
0.0
0.0
0.0
0.0
0.0
0.0
0.0
-1.5569393051753813
0.0
0.0
0.0
0.0
0.0
0.0
0.0
0.0
-1.2262919717587641
0.0
0.0
0.0
0.0
0.10305033652254214
1.7354277237694953
0.0
0.0
0.0
0.0
-3.626999999999998
-1.2262919717587641
0.0
0.0
0.0
0.0
0.0
-1.2262919717587641
0.0
0.0
0.0
0.0
0.0
0.0
0.0
0.0
0.0
0.0
0.0
1.7085599054770395
0.0
0.0
0.0
0.0
0.0
0.0
0.0
0.0
0.0
0.0
0.0
3.7618080759124326
0.0
0.0
2.1069496634774576
0.0
0.0
0.0
-1.5569393051753813
0.0
0.0
0.0
0.0
-2.053248170435393
0.0
0.0
0.6893765299167067
0.0
0.0
0.0
0.0
0.0
0.0
0.0
0.0
0.10305033652254232
0.0
0.0
2.0038993269549152
0.0
0.0
0.0
0.0
0.0
0.0
0.0
0.0
0.0
0.0
0.0
0.0
0.0
0.0
0.0
0.0
0.0
0.0
0.0
0.0
1.045
0.0
-0.008500000000000063
0.0
0.0
1.5569393051753813
-1.9008489904323729
0.0
0.0
0.0
0.0
-1.2262919717587641
-6.079499999999998
0.0
0.0
0.0
0.0
0.0
1.0535
0.0
0.0
0.0
0.0
0.0
0.0
0.0
0.0
0.0
0.0
0.0
0.0
1.7085599054770395
0.0
0.0
0.0
0.0
0.0
0.0
0.0
0.0
0.0
0.0
0.0
0.0
0.0
0.0
2.1069496634774576
0.0
0.0
0.0
0.0
0.0
0.0
0.0
0.0
-2.053248170435393
0.0
0.0
0.0
0.0
0.0
0.0
0.0
0.0
0.0
0.0
0.0
0.10305033652254232
0.0
0.0
1.9139161423636093
0.0
0.0
1.105
0.0
0.0
0.0
0.0
0.0
0.0
0.0
0.0
0.0
0.0
0.0
0.0
0.0
0.0
0.0
0.0
0.0
0.0
0.0
-0.008500000000000063
0.0
0.0
0.0
0.10305033652254236
0.0
0.0
0.0
0.0
0.0
-3.435499999999998
-3.014999999999999
0.0
-0.10305033652254232
0.0
0.0
-2.3154999999999992
0.0
0.0
0.0
0.0
0.0
0.0
0.0
0.0
0.0
0.0
0.0
0.0
0.0
0.0
0.0
0.0
0.0
0.0
0.0
0.0
0.0
0.0
0.0
0.0
0.0
0.0
0.0
3.7618080759124326
0.0
0.0
0.30915100956762687
0.0
0.0
0.0
0.0
0.0
0.0
0.0
0.5970175876806311
0.0
0.0
0.0
0.0
0.0
0.0
0.0
0.0
0.0
0.0
0.0
1.7354277237694953
0.0
0.0
0.0
0.0
0.0
0.0
0.0
0.0
0.0
0.0
0.0
0.0
0.0
0.0
0.0
0.0
0.0
0.0
0.0
0.0
0.0
0.0
1.045
0.0
0.0
0.0
-1.105
0.0
0.0
0.0
0.0
0.0
-3.014999999999999
-3.0729999999999986
0.0
1.900848990432373
0.0
0.0
1.9529999999999994
0.0
0.0
0.0
0.0
0.0
0.0
0.0
0.0
0.0
0.0
0.0
0.0
0.0
0.0
0.0
0.0
0.0
0.0
0.0
0.0
0.0
0.0
0.0
0.0
0.0
0.0
0.0
0.0
0.0
0.0
0.0
0.30915100956762687
0.0
0.0
0.0
0.0
0.0
0.0
0.0
0.5970175876806311
0.0
0.0
0.0
0.0
0.0
0.0
0.0
0.0
0.0
0.0
0.0
1.7354277237694953
0.0
0.0
1.9139161423636093
0.0
0.0
0.0
0.0
0.0
0.0
0.0
0.0
0.0
0.0
0.0
0.0
0.0
0.0
0.0
0.0
0.0
0.0
0.0
0.0
0.0
0.0
0.0
0.0
0.0
0.0
0.0
0.0
0.0
0.0
-5.0429999999999975
0.0
-0.178488418594114
0.0
0.0
-1.2262919717587641
0.0
0.0
0.0
0.0
0.0
0.0
0.0
0.0
0.0
0.0
-0.4914392129246504
0.0
0.0
0.0
0.0
0.0
0.0
0.0
0.0
0.0
0.0
0.0
0.0
0.0
0.0
-2.62
0.0
0.0
0.0
3.16
0.0
0.0
0.0
0.0
1.7185607870753494
0.0
0.0
0.8511976856171543
0.0
0.0
0.0
0.0
0.0
0.0
0.0
0.0
1.08
0.0
0.0
-0.9353074360871938
0.0
0.0
0.0
0.0
0.0
0.0
0.0
0.0
0.0
0.0
0.0
0.0
0.0
0.0
0.0
0.0
0.0
0.0
0.0
0.0
0.0
0.0
-1.9008489904323727
0.0
0.0
0.0
0.08000000000000002
0.0
0.0
0.0
0.0
0.0
-0.10305033652254232
1.900848990432373
0.0
-0.6800000000000002
0.0
0.0
0.2061006730450845
0.0
0.0
0.0
0.0
0.0
0.0
0.0
0.0
0.0
0.0
0.0
0.0
0.0
0.0
0.0
0.0
0.0
0.0
0.0
0.0
0.0
0.0
0.0
0.0
0.0
0.0
0.0
0.0
0.0
0.0
0.0
0.9353074360871938
0.0
0.0
0.0
0.0
0.0
0.0
0.0
2.7014392129246505
0.0
0.0
0.0
0.0
0.0
0.0
0.0
0.0
0.0
0.0
0.0
-2.08
0.0
0.0
1.54
0.0
0.0
0.0
0.0
0.0
0.0
0.0
0.0
0.0
0.0
0.0
0.0
0.0
0.0
0.0
0.0
0.0
0.0
0.0
0.0
0.0
0.0
0.0
0.0
0.0
0.0
0.0
0.0
0.0
0.0
-0.178488418594114
0.0
-0.52
0.0
0.0
0.20610067304508473
0.0
0.0
0.0
0.0
0.0
0.5970175876806311
0.0
0.0
0.0
-2.397936435393746
0.0
0.0
0.0
0.0
0.0
0.0
0.0
0.0
0.0
0.0
-1.7354277237694953
0.0
0.0
0.0
1.9008489904323727
0.0
0.0
0.0
0.0
0.0
0.0
0.0
0.0
1.3638716405186861
0.0
0.0
0.0
0.0
0.0
0.0
0.0
0.0
3.005848990432373
0.0
0.0
-0.7958489904323728
0.0
0.0
0.0
0.0
0.0
0.0
0.0
0.0
0.0
0.0
0.0
0.0
0.0
0.0
1.900848990432373
0.0
0.0
0.0
0.0
0.0
0.0
0.0
0.0
-1.9529999999999994
0.0
0.8994999999999999
0.0
0.0
0.178488418594114
-1.9008489904323727
0.0
0.0
0.0
0.0
-1.2262919717587641
1.0535
0.0
0.0
0.0
0.0
0.0
-0.9574999999999996
0.0
0.0
0.0
0.0
0.0
0.0
0.0
0.0
0.0
0.0
0.0
0.0
-2.053248170435393
0.0
0.0
0.0
0.0
0.0
0.0
0.0
0.0
0.0
0.0
0.0
0.0
0.0
0.0
-0.10305033652254232
0.0
0.0
0.0
1.900848990432373
0.0
0.0
0.0
0.0
1.7085599054770395
0.0
0.0
-0.5970175876806311
0.0
0.0
0.0
0.0
0.0
0.0
0.0
0.0
1.2080503365225423
0.0
0.0
0.178488418594114
0.0
0.0
0.0
0.0
0.0
0.0
0.0
0.0
0.0
0.0
0.0
0.0
0.0
0.0
0.0
0.0
0.0
0.0
0.0
0.0
0.0
0.0
-1.0535
0.0
0.0
0.0
0.10305033652254232
0.0
0.0
0.0
0.0
0.0
-2.3154999999999992
1.9529999999999994
0.0
0.2061006730450845
0.0
0.0
-2.373499999999998
0.0
0.0
0.0
0.0
0.0
0.0
0.0
0.0
0.0
0.0
0.0
0.0
0.0
0.0
0.0
0.0
0.0
0.0
0.0
0.0
0.0
0.0
0.0
0.0
0.0
0.0
0.0
0.0
0.0
0.0
0.0
1.5569393051753813
0.0
0.0
0.0
0.0
0.0
0.0
0.0
-0.6893765299167067
0.0
0.0
0.0
0.0
0.0
0.0
0.0
0.0
0.0
0.0
0.0
1.3111006730450847
0.0
0.0
1.105
0.0
0.0
0.0
0.0
0.0
0.0
0.0
0.0
0.0
0.0
0.0
0.0
0.0
0.0
0.0
0.0
0.0
0.0
0.0
0.0
0.0
0.0
0.0
0.0
0.0
0.0
0.0
0.0
0.0
0.0
-1.2262919717587641
0.0
0.20610067304508473
0.0
0.0
-4.688999999999998
0.0
0.0
0.0
0.0
0.0
0.0
0.0
0.0
0.0
0.0
0.0
0.0
0.0
0.0
0.0
0.0
0.0
0.0
0.0
0.0
0.0
0.0
0.0
0.0
0.0
0.0
0.0
0.0
0.0
0.0
0.0
0.0
0.0
0.0
0.0
0.0
0.0
0.0
0.0
0.0
0.0
0.0
0.0
0.0
0.0
0.0
0.0
0.0
0.0
0.0
0.0
0.0
0.0
0.0
3.315
0.0
0.0
0.0
0.0
0.0
0.0
0.0
0.0
0.0
0.0
0.0
0.0
0.0
0.0
0.0
0.0
0.0
0.0
0.0
0.0
0.0
0.0
0.0
0.0
0.0
0.0
0.0
0.0
0.0
0.0
0.0
0.0
0.0
0.0
0.0
-6.104999999999997
