5.9300000000000015
0.0
0.0
0.0
0.0
0.0
-2.21
0.0
0.0
0.0
0.0
0.0
0.0
0.0
0.0
0.0
5.9300000000000015
0.0
0.0
0.0
0.0
0.0
-1.9139161423636093
0.0
0.0
-1.105
0.0
0.0
0.0
0.0
0.0
0.0
4.885000000000002
1.045
0.0
0.0
0.0
0.0
-1.105
0.0
0.0
-1.105
0.0
0.0
3.7618080759124326
0.0
0.0
1.045
4.885000000000002
0.0
0.0
0.0
0.0
-1.105
0.0
0.0
-1.105
0.0
0.0
-3.7618080759124326
0.0
0.0
0.0
0.0
5.9300000000000015
0.0
0.0
0.0
0.0
-1.105
0.0
0.0
-1.9139161423636093
0.0
0.0
0.0
0.0
0.0
0.0
0.0
5.93
0.0
0.0
0.0
0.0
0.0
0.0
0.0
-2.21
0.0
-2.21
0.0
0.0
0.0
0.0
0.0
2.245
0.0
0.0
0.0
0.0
0.0
0.0
0.0
0.0
0.0
-1.9139161423636093
0.0
0.0
0.0
0.0
0.0
2.745
0.0
0.0
-0.8660254037844386
0.0
0.0
0.0
0.0
0.0
0.0
-1.105
-1.105
0.0
0.0
0.0
0.0
3.245
0.0
0.0
-1.0
0.0
0.0
0.0
0.0
0.0
0.0
0.0
-1.105
0.0
0.0
0.0
0.0
3.7449999999999997
0.0
0.0
-0.8660254037844386
0.0
0.0
0.0
-1.105
0.0
0.0
0.0
0.0
0.0
-0.8660254037844386
0.0
0.0
3.7449999999999997
0.0
0.0
0.0
0.0
0.0
0.0
-1.105
-1.105
0.0
0.0
0.0
0.0
-1.0
0.0
0.0
3.245
0.0
0.0
0.0
0.0
0.0
0.0
0.0
-1.9139161423636093
0.0
0.0
0.0
0.0
-0.8660254037844386
0.0
0.0
2.745
0.0
0.0
0.0
0.0
0.0
0.0
0.0
-2.21
0.0
0.0
0.0
0.0
0.0
0.0
0.0
2.2450000000000006
0.0
0.0
0.0
3.7618080759124326
-3.7618080759124326
0.0
0.0
0.0
0.0
0.0
0.0
0.0
0.0
0.0
0.0
0.5299999999999994
