0.28000000000000114
0.0
0.0
-0.4914392129246504
0.0
0.0
0.0
0.0
0.8511976856171543
0.0
0.0
0.0
0.0
0.8511976856171543
0.0
0.0
0.5970175876806311
0.0
-0.4914392129246504
0.0
0.0
-0.6893765299167067
0.0
0.0
0.0
0.0
0.5970175876806311
0.0
0.0
0.0
0.0
0.0
0.0
0.0
0.0
0.0
0.0
2.5800000000000005
0.0
0.0
-0.4914392129246504
0.0
-2.2999999999999994
0.0
0.0
0.4914392129246504
0.0
0.0
0.0
0.0
0.0
0.0
0.0
-1.3638716405186861
0.0
0.4914392129246504
0.0
0.0
1.7085599054770395
0.0
-0.4914392129246504
0.0
0.0
-2.053248170435393
0.0
0.0
0.0
0.0
2.397936435393746
0.0
0.0
0.0
0.0
0.0
1.2200000000000002
0.0
0.0
0.0
0.0
0.0
0.0
0.0
0.0
0.0
-1.54
0.0
0.0
1.105
0.0
0.0
0.0
0.0
-1.105
0.0
0.0
0.0
0.0
0.0
0.0
0.0
0.0
0.0
0.0
0.0
0.0
0.0
0.0
0.0
-0.4914392129246504
0.0
0.0
1.1800000000000002
0.0
0.0
0.0
0.0
0.0692820323027551
0.0
0.0
0.0
0.0
0.9353074360871938
0.0
0.0
0.178488418594114
0.0
-2.08
0.0
0.0
0.8988993269549153
0.0
0.0
0.0
0.0
-1.7354277237694953
0.0
0.0
0.0
0.0
0.0
0.0
0.0
0.0
0.0
0.0
-0.4914392129246504
0.0
0.0
1.1400000000000001
0.0
-0.4914392129246504
0.0
0.0
0.08000000000000002
0.0
0.0
0.0
0.0
0.0
0.0
0.0
-0.7958489904323728
0.0
1.08
0.0
0.0
1.0019496634774576
0.0
-2.62
0.0
0.0
-0.10305033652254232
0.0
0.0
0.0
0.0
-1.9008489904323727
0.0
0.0
0.0
0.0
0.0
0.0
0.0
0.0
1.1
0.0
-0.8511976856171543
0.0
0.0
0.0692820323027551
0.0
0.0
0.0
0.0
0.0
0.0
0.0
0.0
0.0
0.0
0.0
0.0
-0.7958489904323731
0.0
0.9353074360871938
0.0
0.0
1.5569393051753813
0.0
-3.16
0.0
0.0
-1.900848990432373
0.0
0.0
0.0
-2.2999999999999994
0.0
0.0
-0.4914392129246504
0.0
2.5800000000000005
0.0
0.0
0.4914392129246504
0.0
0.0
0.0
0.0
0.0
0.0
0.0
2.397936435393746
0.0
0.4914392129246504
0.0
0.0
-2.053248170435393
0.0
-0.4914392129246504
0.0
0.0
1.7085599054770395
0.0
0.0
0.0
0.0
-1.3638716405186861
0.0
0.0
0.0
0.0
0.0
0.0
0.0
0.0
-0.8511976856171543
0.0
0.28000000000000114
0.0
0.0
0.4914392129246504
0.0
0.0
0.0
0.0
0.0
0.0
0.0
0.0
0.0
0.0
0.0
0.0
0.5970175876806311
0.0
0.4914392129246504
0.0
0.0
-0.6893765299167067
0.0
-0.8511976856171543
0.0
0.0
0.5970175876806311
0.0
0.0
0.8511976856171543
0.0
0.0
0.0692820323027551
0.0
0.0
0.0
0.0
1.1
0.0
0.0
0.0
0.0
-3.16
0.0
0.0
1.900848990432373
0.0
0.9353074360871938
0.0
0.0
-1.5569393051753813
0.0
0.0
0.0
0.0
0.7958489904323731
0.0
0.0
0.0
0.0
0.0
0.0
0.0
0.0
0.0
0.0
0.4914392129246504
0.0
0.0
0.08000000000000002
0.0
0.4914392129246504
0.0
0.0
1.1400000000000001
0.0
0.0
0.0
0.0
0.0
0.0
0.0
1.9008489904323727
0.0
-2.62
0.0
0.0
0.10305033652254232
0.0
1.08
0.0
0.0
-1.0019496634774576
0.0
0.0
0.0
0.0
0.7958489904323728
0.0
0.0
0.0
0.0
0.0
0.0
0.0
0.0
0.0692820323027551
0.0
0.4914392129246504
0.0
0.0
1.1800000000000002
0.0
0.0
0.0
0.0
0.0
0.0
0.0
0.0
0.0
0.0
0.0
0.0
1.7354277237694953
0.0
-2.08
0.0
0.0
-0.8988993269549153
0.0
0.9353074360871938
0.0
0.0
-0.178488418594114
0.0
0.0
0.0
0.0
0.0
0.0
0.0
0.0
0.0
0.0
0.0
0.0
0.0
1.2200000000000002
0.0
0.0
0.0
0.0
0.0
0.0
0.0
0.0
0.0
0.0
0.0
0.0
0.0
0.0
0.0
0.0
0.0
1.105
0.0
-1.54
0.0
0.0
-1.105
0.0
0.0
0.0
-1.54
0.0
0.0
0.0
0.0
0.0
0.0
0.0
0.0
0.0
1.2200000000000002
0.0
0.0
-1.105
0.0
0.0
0.0
0.0
1.105
0.0
0.0
0.0
0.0
0.0
0.0
0.0
0.0
0.0
0.0
0.0
0.0
0.0
0.0
0.0
0.8511976856171543
0.0
0.0
0.9353074360871938
0.0
0.0
0.0
0.0
-3.16
0.0
0.0
0.0
0.0
1.1
0.0
0.0
0.7958489904323731
0.0
0.0692820323027551
0.0
0.0
-1.5569393051753813
0.0
0.0
0.0
0.0
1.900848990432373
0.0
0.0
0.0
0.0
0.0
0.0
0.0
0.0
0.0
0.0
0.0
0.0
0.0
0.0
0.0
0.0
0.0
0.0
0.0
0.0
0.0
0.0
0.0
-3.419999999999998
0.0
0.0
0.0
0.0
0.0
0.0
0.0
0.0
0.0
0.0
0.0
0.0
0.0
0.0
0.0
0.0
0.0
0.0
0.0
0.0
0.0
0.0
0.0
1.105
0.0
0.0
0.0
0.0
0.0
0.0
0.0
0.0
0.0
-1.105
0.0
0.0
-0.40499999999999936
0.0
0.0
0.0
0.0
-3.014999999999999
0.0
0.0
0.0
0.0
0.0
0.0
0.0
0.0
0.0
0.0
0.0
0.0
0.0
0.0
0.0
0.5970175876806311
0.0
0.0
0.178488418594114
0.0
0.0
0.0
0.0
1.900848990432373
0.0
0.0
0.0
0.0
0.7958489904323731
0.0
0.0
0.6570000000000005
0.0
-1.7354277237694953
0.0
0.0
-1.2262919717587641
0.0
0.0
0.0
0.0
-1.9529999999999994
0.0
0.0
0.0
0.0
0.0
0.0
0.0
0.0
0.0
0.0
-1.3638716405186861
0.0
0.0
-0.7958489904323728
0.0
2.397936435393746
0.0
0.0
1.9008489904323727
0.0
0.0
0.0
0.0
0.0
0.0
0.0
0.6654999999999998
0.0
0.7958489904323728
0.0
0.0
-0.008500000000000063
0.0
-1.9008489904323727
0.0
0.0
-1.0535
0.0
0.0
0.0
0.0
-0.8994999999999999
0.0
0.0
0.0
-0.4914392129246504
0.0
0.0
-2.08
0.0
0.0
0.0
0.0
0.9353074360871938
0.0
0.0
0.0
0.0
0.0692820323027551
0.0
0.0
-1.7354277237694953
0.0
1.1800000000000002
0.0
0.0
0.8988993269549153
0.0
0.0
0.0
0.0
0.178488418594114
0.0
0.0
0.0
0.0
0.0
0.0
0.0
0.0
0.0
0.0
0.4914392129246504
0.0
0.0
1.08
0.0
0.4914392129246504
0.0
0.0
-2.62
0.0
0.0
0.0
0.0
0.0
0.0
0.0
0.7958489904323728
0.0
1.1400000000000001
0.0
0.0
-1.0019496634774576
0.0
0.08000000000000002
0.0
0.0
0.10305033652254232
0.0
0.0
0.0
0.0
1.9008489904323727
0.0
0.0
0.0
0.0
0.0
-1.105
0.0
0.0
0.0
0.0
0.0
0.0
0.0
0.0
0.0
1.105
0.0
0.0
-3.014999999999999
0.0
0.0
0.0
0.0
-0.40499999999999936
0.0
0.0
0.0
0.0
0.0
0.0
0.0
0.0
0.0
0.0
0.0
0.0
0.0
0.0
0.0
-0.6893765299167067
0.0
0.0
0.8988993269549153
0.0
0.0
0.0
0.0
-1.5569393051753813
0.0
0.0
0.0
0.0
-1.5569393051753813
0.0
0.0
-1.2262919717587641
0.0
0.8988993269549153
0.0
0.0
-2.0039999999999987
0.0
0.0
0.0
0.0
-1.2262919717587641
0.0
0.0
0.0
0.0
0.0
0.0
0.0
0.0
0.0
0.0
1.7085599054770395
0.0
0.0
1.0019496634774576
0.0
-2.053248170435393
0.0
0.0
0.10305033652254232
0.0
0.0
0.0
0.0
0.0
0.0
0.0
-0.008500000000000063
0.0
-1.0019496634774576
0.0
0.0
-0.7504999999999988
0.0
-0.10305033652254232
0.0
0.0
-2.3154999999999992
0.0
0.0
0.0
0.0
-1.0535
0.0
0.0
0.0
0.0
0.0
0.0
0.0
0.0
-0.7958489904323731
0.0
0.5970175876806311
0.0
0.0
1.7354277237694953
0.0
0.0
0.0
0.0
0.0
0.0
0.0
0.0
0.0
0.0
0.0
0.0
0.6570000000000005
0.0
-0.178488418594114
0.0
0.0
-1.2262919717587641
0.0
-1.900848990432373
0.0
0.0
-1.9529999999999994
0.0
0.0
0.0
-0.4914392129246504
0.0
0.0
-2.62
0.0
-0.4914392129246504
0.0
0.0
1.08
0.0
0.0
0.0
0.0
0.0
0.0
0.0
-1.9008489904323727
0.0
0.08000000000000002
0.0
0.0
-0.10305033652254232
0.0
1.1400000000000001
0.0
0.0
1.0019496634774576
0.0
0.0
0.0
0.0
-0.7958489904323728
0.0
0.0
0.0
0.0
0.0
0.0
0.0
0.0
0.9353074360871938
0.0
0.4914392129246504
0.0
0.0
-2.08
0.0
0.0
0.0
0.0
0.0
0.0
0.0
0.0
0.0
0.0
0.0
0.0
-0.178488418594114
0.0
1.1800000000000002
0.0
0.0
-0.8988993269549153
0.0
0.0692820323027551
0.0
0.0
1.7354277237694953
0.0
0.0
0.5970175876806311
0.0
0.0
-1.7354277237694953
0.0
0.0
0.0
0.0
0.7958489904323731
0.0
0.0
0.0
0.0
1.900848990432373
0.0
0.0
-1.9529999999999994
0.0
0.178488418594114
0.0
0.0
-1.2262919717587641
0.0
0.0
0.0
0.0
0.6570000000000005
0.0
0.0
0.0
0.0
0.0
0.0
0.0
0.0
0.0
0.0
-2.053248170435393
0.0
0.0
-0.10305033652254232
0.0
1.7085599054770395
0.0
0.0
-1.0019496634774576
0.0
0.0
0.0
0.0
0.0
0.0
0.0
-1.0535
0.0
0.10305033652254232
0.0
0.0
-2.3154999999999992
0.0
1.0019496634774576
0.0
0.0
-0.7504999999999988
0.0
0.0
0.0
0.0
-0.008500000000000063
0.0
0.0
0.0
0.0
0.0
0.0
0.0
0.0
1.5569393051753813
0.0
-0.6893765299167067
0.0
0.0
-0.8988993269549153
0.0
0.0
0.0
0.0
0.0
0.0
0.0
0.0
0.0
0.0
0.0
0.0
-1.2262919717587641
0.0
-0.8988993269549153
0.0
0.0
-2.0039999999999987
0.0
1.5569393051753813
0.0
0.0
-1.2262919717587641
0.0
0.0
0.0
0.0
0.0
0.0
0.0
0.0
0.0
0.0
0.0
0.0
0.0
1.105
0.0
0.0
0.0
0.0
0.0
0.0
0.0
0.0
0.0
0.0
0.0
0.0
0.0
0.0
0.0
0.0
0.0
-0.40499999999999936
0.0
-1.105
0.0
0.0
-3.014999999999999
0.0
0.0
0.0
0.0
0.0
0.0
-3.16
0.0
-0.8511976856171543
0.0
0.0
0.9353074360871938
0.0
0.0
0.0
0.0
0.0
0.0
0.0
0.0
0.0
0.0
0.0
0.0
-1.900848990432373
0.0
0.0692820323027551
0.0
0.0
1.5569393051753813
0.0
1.1
0.0
0.0
-0.7958489904323731
0.0
0.0
0.0
0.0
0.0
0.0
0.0
0.0
0.0
0.0
0.0
0.0
0.0
-1.54
0.0
0.0
0.0
0.0
0.0
0.0
0.0
0.0
0.0
0.0
0.0
0.0
0.0
0.0
0.0
0.0
0.0
-1.105
0.0
1.2200000000000002
0.0
0.0
1.105
0.0
0.0
2.397936435393746
0.0
0.0
-1.9008489904323727
0.0
-1.3638716405186861
0.0
0.0
0.7958489904323728
0.0
0.0
0.0
0.0
0.0
0.0
0.0
-0.8994999999999999
0.0
1.9008489904323727
0.0
0.0
-1.0535
0.0
-0.7958489904323728
0.0
0.0
-0.008500000000000063
0.0
0.0
0.0
0.0
0.6654999999999998
0.0
0.0
0.0
0.0
0.0
0.0
0.0
0.0
-1.900848990432373
0.0
0.5970175876806311
0.0
0.0
-0.178488418594114
0.0
0.0
0.0
0.0
0.0
0.0
0.0
0.0
0.0
0.0
0.0
0.0
-1.9529999999999994
0.0
1.7354277237694953
0.0
0.0
-1.2262919717587641
0.0
-0.7958489904323731
0.0
0.0
0.6570000000000005
0.0
0.0
0.0
0.0
0.0
0.0
0.0
0.0
0.0
0.0
0.0
0.0
0.0
-1.105
0.0
0.0
0.0
0.0
0.0
0.0
0.0
0.0
0.0
0.0
0.0
0.0
0.0
0.0
0.0
0.0
0.0
-3.014999999999999
0.0
1.105
0.0
0.0
-0.40499999999999936
0.0
0.0
0.0
0.0
0.0
0.0
0.0
0.0
0.0
0.0
0.0
0.0
0.0
0.0
0.0
0.0
0.0
0.0
0.0
0.0
0.0
0.0
0.0
0.0
0.0
0.0
0.0
0.0
0.0
0.0
0.0
0.0
0.0
0.0
0.0
0.0
-3.419999999999998
